m-SGM results 
ne=[0, 0, 0, 0.6136363636363636, 0.38636363636363635, 0, 0, 1.0, 0, 0, 0.9871794871794872, 0.01282051282051282]
Profits=[258.0, 379.3467365967366, 327.0]
S=[[[0.0, 1.0, 0.0, 1.0, 1.0, 0.0, 1.0, 1.0, 0.0, 1.0], [0.0, 1.0, 1.0, 1.0, 1.0, 1.0, 1.0, 0.0, 1.0, 1.0], [0.0, 1.0, 0.0, 0.0, 1.0, 1.0, 1.0, 0.0, 0.0, 1.0], [0.0, 1.0, 0.0, 0.0, 1.0, 1.0, 1.0, 1.0, 1.0, 1.0], [0.0, 1.0, 0.0, 0.0, 1.0, 1.0, 1.0, 1.0, 0.0, 1.0]], [[1.0, 0.0, 1.0, 0.0, 1.0, 1.0, 1.0, 0.0, 1.0, 1.0], [1.0, 1.0, 0.0, 1.0, 1.0, 1.0, 1.0, 1.0, 1.0, 1.0], [1.0, 1.0, 0.0, 1.0, 1.0, 1.0, 1.0, 0.0, 1.0, 1.0]], [[0.0, 0.0, 1.0, 0.0, 1.0, 0.0, 0.0, 1.0, 0.0, 1.0], [0.0, 0.0, 0.0, 1.0, 1.0, 0.0, 0.0, 0.0, 1.0, 1.0], [0.0, 0.0, 1.0, 1.0, 1.0, 0.0, 0.0, 0.0, 0.0, 1.0], [0.0, 0.0, 1.0, 1.0, 1.0, 0.0, 0.0, 0.0, 1.0, 1.0]]]
numb_iter=10
numb_back=0
cpu_time=0.024089813232421875
max_iter=50

SGM results 
ne=[0, 0, 0, 0.6136363636363636, 0.38636363636363635, 0, 0, 1.0, 0, 0, 0.9871794871794872, 0.01282051282051282]
Profits=[258.0, 379.3467365967366, 327.0]
S=[[[0.0, 1.0, 0.0, 1.0, 1.0, 0.0, 1.0, 1.0, 0.0, 1.0], [0.0, 1.0, 1.0, 1.0, 1.0, 1.0, 1.0, 0.0, 1.0, 1.0], [0.0, 1.0, 0.0, 0.0, 1.0, 1.0, 1.0, 0.0, 0.0, 1.0], [0.0, 1.0, 0.0, 0.0, 1.0, 1.0, 1.0, 1.0, 1.0, 1.0], [0.0, 1.0, 0.0, 0.0, 1.0, 1.0, 1.0, 1.0, 0.0, 1.0]], [[1.0, 0.0, 1.0, 0.0, 1.0, 1.0, 1.0, 0.0, 1.0, 1.0], [1.0, 1.0, 0.0, 1.0, 1.0, 1.0, 1.0, 1.0, 1.0, 1.0], [1.0, 1.0, 0.0, 1.0, 1.0, 1.0, 1.0, 0.0, 1.0, 1.0]], [[0.0, 0.0, 1.0, 0.0, 1.0, 0.0, 0.0, 1.0, 0.0, 1.0], [0.0, 0.0, 0.0, 1.0, 1.0, 0.0, 0.0, 0.0, 1.0, 1.0], [0.0, 0.0, 1.0, 1.0, 1.0, 0.0, 0.0, 0.0, 0.0, 1.0], [0.0, 0.0, 1.0, 1.0, 1.0, 0.0, 0.0, 0.0, 1.0, 1.0]]]
numb_iter=10
numb_back=0
cpu_time=0.021783828735351562
max_iter=50

SGM results CE 
ce=[[[0.         0.         0.         0.        ]
  [0.         0.         0.         0.        ]
  [0.         0.         0.         0.        ]]

 [[0.         0.         0.         0.        ]
  [0.         0.         0.         0.        ]
  [0.         0.         0.         0.        ]]

 [[0.         0.         0.         0.        ]
  [0.         0.         0.         0.        ]
  [0.         0.         0.         0.        ]]

 [[0.         0.         0.         0.        ]
  [0.         0.         0.         0.        ]
  [0.         0.         0.60576923 0.00786713]]

 [[0.         0.         0.         0.        ]
  [0.         0.         0.         0.        ]
  [0.         0.         0.38141026 0.00495338]]]
Profits=[258.0, 379.3467365967366, 327.0]
S=[[[0.0, 1.0, 0.0, 1.0, 1.0, 0.0, 1.0, 1.0, 0.0, 1.0], [0.0, 1.0, 1.0, 1.0, 1.0, 1.0, 1.0, 0.0, 1.0, 1.0], [0.0, 1.0, 0.0, 0.0, 1.0, 1.0, 1.0, 0.0, 0.0, 1.0], [0.0, 1.0, 0.0, 0.0, 1.0, 1.0, 1.0, 1.0, 1.0, 1.0], [0.0, 1.0, 0.0, 0.0, 1.0, 1.0, 1.0, 1.0, 0.0, 1.0]], [[1.0, 0.0, 1.0, 0.0, 1.0, 1.0, 1.0, 0.0, 1.0, 1.0], [1.0, 1.0, 0.0, 1.0, 1.0, 1.0, 1.0, 1.0, 1.0, 1.0], [1.0, 1.0, 0.0, 1.0, 1.0, 1.0, 1.0, 0.0, 1.0, 1.0]], [[0.0, 0.0, 1.0, 0.0, 1.0, 0.0, 0.0, 1.0, 0.0, 1.0], [0.0, 0.0, 0.0, 1.0, 1.0, 0.0, 0.0, 0.0, 1.0, 1.0], [0.0, 0.0, 1.0, 1.0, 1.0, 0.0, 0.0, 0.0, 0.0, 1.0], [0.0, 0.0, 1.0, 1.0, 1.0, 0.0, 0.0, 0.0, 1.0, 1.0]]]
numb_iter=10
cpu_time=0.03671455383300781
NE?=True
max_iter=1000

SGM results CE 
ce=[[[0.         0.         0.         0.        ]
  [0.         0.         0.         0.        ]
  [0.         0.         0.         0.        ]]

 [[0.         0.         0.         0.        ]
  [0.         0.         0.         0.        ]
  [0.         0.         0.         0.        ]]

 [[0.         0.         0.         0.        ]
  [0.         0.         0.         0.        ]
  [0.         0.         0.         0.        ]]

 [[0.         0.         0.         0.        ]
  [0.         0.         0.         0.        ]
  [0.         0.         0.60576923 0.00786713]]

 [[0.         0.         0.         0.        ]
  [0.         0.         0.         0.        ]
  [0.         0.         0.38141026 0.00495338]]]
Profits=[258.0, 379.3467365967366, 327.0]
S=[[[0.0, 1.0, 0.0, 1.0, 1.0, 0.0, 1.0, 1.0, 0.0, 1.0], [0.0, 1.0, 1.0, 1.0, 1.0, 1.0, 1.0, 0.0, 1.0, 1.0], [0.0, 1.0, 0.0, 0.0, 1.0, 1.0, 1.0, 0.0, 0.0, 1.0], [0.0, 1.0, 0.0, 0.0, 1.0, 1.0, 1.0, 1.0, 1.0, 1.0], [0.0, 1.0, 0.0, 0.0, 1.0, 1.0, 1.0, 1.0, 0.0, 1.0]], [[1.0, 0.0, 1.0, 0.0, 1.0, 1.0, 1.0, 0.0, 1.0, 1.0], [1.0, 1.0, 0.0, 1.0, 1.0, 1.0, 1.0, 1.0, 1.0, 1.0], [1.0, 1.0, 0.0, 1.0, 1.0, 1.0, 1.0, 0.0, 1.0, 1.0]], [[0.0, 0.0, 1.0, 0.0, 1.0, 0.0, 0.0, 1.0, 0.0, 1.0], [0.0, 0.0, 0.0, 1.0, 1.0, 0.0, 0.0, 0.0, 1.0, 1.0], [0.0, 0.0, 1.0, 1.0, 1.0, 0.0, 0.0, 0.0, 0.0, 1.0], [0.0, 0.0, 1.0, 1.0, 1.0, 0.0, 0.0, 0.0, 1.0, 1.0]]]
numb_iter=10
cpu_time=0.03679704666137695
NE?=True
max_iter=1000

