m-SGM results 
ne=[0, 0, 0.18181818181818177, 0.8181818181818182, 0, 0.24, 0.76, 1.0]
Profits=[175.0, 183.99999999999997, 238.0]
S=[[[0.0, 0.0, 1.0, 0.0, 1.0, 0.0, 1.0, 1.0, 1.0, 1.0], [0.0, 1.0, 0.0, 1.0, 0.0, 0.0, 0.0, 1.0, 1.0, 1.0], [0.0, 1.0, 0.0, 0.0, 1.0, 0.0, 0.0, 1.0, 1.0, 1.0], [0.0, 1.0, 0.0, 1.0, 1.0, 0.0, 0.0, 1.0, 1.0, 1.0]], [[1.0, 0.0, 1.0, 1.0, 1.0, 1.0, 1.0, 1.0, 0.0, 1.0], [1.0, 0.0, 1.0, 0.0, 0.0, 1.0, 0.0, 1.0, 0.0, 1.0], [1.0, 0.0, 1.0, 1.0, 0.0, 1.0, 0.0, 1.0, 0.0, 1.0]], [[0.0, 1.0, 0.0, 0.0, 0.0, 0.0, 1.0, 1.0, 1.0, 0.0]]]
numb_iter=6
numb_back=0
cpu_time=0.013027191162109375
max_iter=50

SGM results 
ne=[0, 0, 0.18181818181818182, 0.8181818181818181, 0.0, 0.24, 0.76, 1.0]
Profits=[175.0, 184.0, 238.0]
S=[[[0.0, 0.0, 1.0, 0.0, 1.0, 0.0, 1.0, 1.0, 1.0, 1.0], [0.0, 1.0, 0.0, 1.0, 0.0, 0.0, 0.0, 1.0, 1.0, 1.0], [0.0, 1.0, 0.0, 0.0, 1.0, 0.0, 0.0, 1.0, 1.0, 1.0], [0.0, 1.0, 0.0, 1.0, 1.0, 0.0, 0.0, 1.0, 1.0, 1.0]], [[1.0, 0.0, 1.0, 1.0, 1.0, 1.0, 1.0, 1.0, 0.0, 1.0], [1.0, 0.0, 1.0, 0.0, 0.0, 1.0, 0.0, 1.0, 0.0, 1.0], [1.0, 0.0, 1.0, 1.0, 0.0, 1.0, 0.0, 1.0, 0.0, 1.0]], [[0.0, 1.0, 0.0, 0.0, 0.0, 0.0, 1.0, 1.0, 1.0, 0.0]]]
numb_iter=6
numb_back=0
cpu_time=0.011127710342407227
max_iter=50

SGM results CE 
ce=[[[0.        ]
  [0.        ]
  [0.        ]]

 [[0.        ]
  [0.        ]
  [0.        ]]

 [[0.        ]
  [0.04363636]
  [0.13818182]]

 [[0.        ]
  [0.19636364]
  [0.62181818]]]
Profits=[175.0, 184.0, 238.00000000000003]
S=[[[0.0, 0.0, 1.0, 0.0, 1.0, 0.0, 1.0, 1.0, 1.0, 1.0], [0.0, 1.0, 0.0, 1.0, 0.0, 0.0, 0.0, 1.0, 1.0, 1.0], [0.0, 1.0, 0.0, 0.0, 1.0, 0.0, 0.0, 1.0, 1.0, 1.0], [0.0, 1.0, 0.0, 1.0, 1.0, 0.0, 0.0, 1.0, 1.0, 1.0]], [[1.0, 0.0, 1.0, 1.0, 1.0, 1.0, 1.0, 1.0, 0.0, 1.0], [1.0, 0.0, 1.0, 0.0, 0.0, 1.0, 0.0, 1.0, 0.0, 1.0], [1.0, 0.0, 1.0, 1.0, 0.0, 1.0, 0.0, 1.0, 0.0, 1.0]], [[0.0, 1.0, 0.0, 0.0, 0.0, 0.0, 1.0, 1.0, 1.0, 0.0]]]
numb_iter=6
cpu_time=0.015763521194458008
NE?=True
max_iter=1000

SGM results CE 
ce=[[[0.        ]
  [0.        ]
  [0.        ]]

 [[0.        ]
  [0.        ]
  [0.        ]]

 [[0.        ]
  [0.04363636]
  [0.13818182]]

 [[0.        ]
  [0.19636364]
  [0.62181818]]]
Profits=[175.0, 184.0, 238.00000000000003]
S=[[[0.0, 0.0, 1.0, 0.0, 1.0, 0.0, 1.0, 1.0, 1.0, 1.0], [0.0, 1.0, 0.0, 1.0, 0.0, 0.0, 0.0, 1.0, 1.0, 1.0], [0.0, 1.0, 0.0, 0.0, 1.0, 0.0, 0.0, 1.0, 1.0, 1.0], [0.0, 1.0, 0.0, 1.0, 1.0, 0.0, 0.0, 1.0, 1.0, 1.0]], [[1.0, 0.0, 1.0, 1.0, 1.0, 1.0, 1.0, 1.0, 0.0, 1.0], [1.0, 0.0, 1.0, 0.0, 0.0, 1.0, 0.0, 1.0, 0.0, 1.0], [1.0, 0.0, 1.0, 1.0, 0.0, 1.0, 0.0, 1.0, 0.0, 1.0]], [[0.0, 1.0, 0.0, 0.0, 0.0, 0.0, 1.0, 1.0, 1.0, 0.0]]]
numb_iter=6
cpu_time=0.01586747169494629
NE?=True
max_iter=1000

