m-SGM results 
ne=[0, 0, 0.4697132616487455, 0.15250896057347677, 0.12706093189964154, 0, 0.25071684587813625, 0, 0, 0, 0, 0.32989690721649484, 0.5353535353535354, 0.13474955742996983, 0, 0, 0, 0.18666666666666668, 0.8133333333333334]
Profits=[359.00000000000006, 575.0, 402.4301075268818]
S=[[[0.0, 0.0, 0.0, 0.0, 1.0, 0.0, 0.0, 1.0, 0.0, 1.0, 1.0, 1.0, 0.0, 0.0, 1.0, 0.0, 1.0, 0.0, 0.0, 1.0], [0.0, 1.0, 0.0, 0.0, 1.0, 0.0, 0.0, 0.0, 0.0, 1.0, 0.0, 1.0, 1.0, 0.0, 0.0, 0.0, 1.0, 0.0, 0.0, 0.0], [0.0, 1.0, 0.0, 0.0, 0.0, 0.0, 0.0, 0.0, 0.0, 0.0, 0.0, 1.0, 1.0, 0.0, 1.0, 0.0, 1.0, 1.0, 0.0, 0.0], [0.0, 1.0, 0.0, 0.0, 1.0, 0.0, 0.0, 0.0, 0.0, 0.0, 0.0, 1.0, 1.0, 0.0, 1.0, 0.0, 1.0, 0.0, 0.0, 0.0], [0.0, 1.0, 0.0, 0.0, 0.0, 0.0, 0.0, 0.0, 0.0, 1.0, 0.0, 1.0, 1.0, 0.0, 1.0, 0.0, 1.0, 0.0, 0.0, 0.0], [0.0, 1.0, 0.0, 0.0, 0.0, 0.0, 0.0, 0.0, 0.0, 0.0, 0.0, 1.0, 1.0, 0.0, 1.0, 0.0, 1.0, 0.0, 0.0, 0.0], [0.0, 1.0, 0.0, 0.0, 1.0, 0.0, 0.0, 0.0, 0.0, 1.0, 0.0, 1.0, 1.0, 0.0, 1.0, 0.0, 1.0, 1.0, 0.0, 0.0]], [[1.0, 0.0, 1.0, 1.0, 0.0, 0.0, 1.0, 1.0, 0.0, 0.0, 0.0, 0.0, 1.0, 0.0, 1.0, 1.0, 0.0, 1.0, 0.0, 1.0], [1.0, 1.0, 1.0, 1.0, 1.0, 0.0, 1.0, 1.0, 1.0, 1.0, 0.0, 1.0, 1.0, 1.0, 1.0, 1.0, 0.0, 0.0, 0.0, 0.0], [1.0, 1.0, 1.0, 1.0, 0.0, 0.0, 1.0, 1.0, 1.0, 0.0, 0.0, 1.0, 1.0, 0.0, 1.0, 0.0, 0.0, 1.0, 0.0, 1.0], [1.0, 1.0, 1.0, 1.0, 1.0, 0.0, 1.0, 1.0, 1.0, 0.0, 0.0, 1.0, 1.0, 0.0, 1.0, 1.0, 0.0, 0.0, 0.0, 1.0], [1.0, 1.0, 1.0, 1.0, 1.0, 0.0, 1.0, 1.0, 1.0, 0.0, 0.0, 1.0, 1.0, 1.0, 1.0, 1.0, 0.0, 1.0, 0.0, 1.0], [1.0, 1.0, 1.0, 1.0, 0.0, 0.0, 1.0, 1.0, 1.0, 0.0, 0.0, 1.0, 1.0, 0.0, 1.0, 0.0, 0.0, 0.0, 0.0, 1.0], [1.0, 1.0, 1.0, 1.0, 0.0, 0.0, 1.0, 1.0, 1.0, 0.0, 0.0, 1.0, 1.0, 1.0, 1.0, 0.0, 0.0, 1.0, 0.0, 1.0]], [[0.0, 1.0, 1.0, 1.0, 0.0, 1.0, 1.0, 0.0, 0.0, 0.0, 1.0, 0.0, 1.0, 1.0, 0.0, 0.0, 1.0, 1.0, 0.0, 1.0], [0.0, 1.0, 0.0, 0.0, 0.0, 1.0, 0.0, 1.0, 0.0, 1.0, 1.0, 0.0, 1.0, 0.0, 1.0, 0.0, 1.0, 1.0, 0.0, 1.0], [0.0, 1.0, 0.0, 0.0, 0.0, 1.0, 0.0, 1.0, 0.0, 0.0, 1.0, 0.0, 1.0, 1.0, 0.0, 0.0, 1.0, 0.0, 0.0, 1.0], [0.0, 1.0, 0.0, 0.0, 0.0, 1.0, 0.0, 1.0, 0.0, 1.0, 1.0, 0.0, 1.0, 1.0, 1.0, 0.0, 1.0, 1.0, 0.0, 1.0], [0.0, 1.0, 0.0, 0.0, 0.0, 1.0, 0.0, 1.0, 0.0, 0.0, 1.0, 0.0, 1.0, 1.0, 1.0, 0.0, 1.0, 1.0, 0.0, 1.0]]]
numb_iter=17
numb_back=0
cpu_time=1.7246878147125244
max_iter=50

SGM results 
ne=[0, 0, 0.4697132616487455, 0.15250896057347677, 0.12706093189964154, 0, 0.25071684587813625, 0, 0, 0, 0, 0.32989690721649484, 0.5353535353535354, 0.13474955742996983, 0, 0, 0, 0.18666666666666668, 0.8133333333333334]
Profits=[359.00000000000006, 575.0, 402.4301075268818]
S=[[[0.0, 0.0, 0.0, 0.0, 1.0, 0.0, 0.0, 1.0, 0.0, 1.0, 1.0, 1.0, 0.0, 0.0, 1.0, 0.0, 1.0, 0.0, 0.0, 1.0], [0.0, 1.0, 0.0, 0.0, 1.0, 0.0, 0.0, 0.0, 0.0, 1.0, 0.0, 1.0, 1.0, 0.0, 0.0, 0.0, 1.0, 0.0, 0.0, 0.0], [0.0, 1.0, 0.0, 0.0, 0.0, 0.0, 0.0, 0.0, 0.0, 0.0, 0.0, 1.0, 1.0, 0.0, 1.0, 0.0, 1.0, 1.0, 0.0, 0.0], [0.0, 1.0, 0.0, 0.0, 1.0, 0.0, 0.0, 0.0, 0.0, 0.0, 0.0, 1.0, 1.0, 0.0, 1.0, 0.0, 1.0, 0.0, 0.0, 0.0], [0.0, 1.0, 0.0, 0.0, 0.0, 0.0, 0.0, 0.0, 0.0, 1.0, 0.0, 1.0, 1.0, 0.0, 1.0, 0.0, 1.0, 0.0, 0.0, 0.0], [0.0, 1.0, 0.0, 0.0, 0.0, 0.0, 0.0, 0.0, 0.0, 0.0, 0.0, 1.0, 1.0, 0.0, 1.0, 0.0, 1.0, 0.0, 0.0, 0.0], [0.0, 1.0, 0.0, 0.0, 1.0, 0.0, 0.0, 0.0, 0.0, 1.0, 0.0, 1.0, 1.0, 0.0, 1.0, 0.0, 1.0, 1.0, 0.0, 0.0]], [[1.0, 0.0, 1.0, 1.0, 0.0, 0.0, 1.0, 1.0, 0.0, 0.0, 0.0, 0.0, 1.0, 0.0, 1.0, 1.0, 0.0, 1.0, 0.0, 1.0], [1.0, 1.0, 1.0, 1.0, 1.0, 0.0, 1.0, 1.0, 1.0, 1.0, 0.0, 1.0, 1.0, 1.0, 1.0, 1.0, 0.0, 0.0, 0.0, 0.0], [1.0, 1.0, 1.0, 1.0, 0.0, 0.0, 1.0, 1.0, 1.0, 0.0, 0.0, 1.0, 1.0, 0.0, 1.0, 0.0, 0.0, 1.0, 0.0, 1.0], [1.0, 1.0, 1.0, 1.0, 1.0, 0.0, 1.0, 1.0, 1.0, 0.0, 0.0, 1.0, 1.0, 0.0, 1.0, 1.0, 0.0, 0.0, 0.0, 1.0], [1.0, 1.0, 1.0, 1.0, 1.0, 0.0, 1.0, 1.0, 1.0, 0.0, 0.0, 1.0, 1.0, 1.0, 1.0, 1.0, 0.0, 1.0, 0.0, 1.0], [1.0, 1.0, 1.0, 1.0, 0.0, 0.0, 1.0, 1.0, 1.0, 0.0, 0.0, 1.0, 1.0, 0.0, 1.0, 0.0, 0.0, 0.0, 0.0, 1.0], [1.0, 1.0, 1.0, 1.0, 0.0, 0.0, 1.0, 1.0, 1.0, 0.0, 0.0, 1.0, 1.0, 1.0, 1.0, 0.0, 0.0, 1.0, 0.0, 1.0]], [[0.0, 1.0, 1.0, 1.0, 0.0, 1.0, 1.0, 0.0, 0.0, 0.0, 1.0, 0.0, 1.0, 1.0, 0.0, 0.0, 1.0, 1.0, 0.0, 1.0], [0.0, 1.0, 0.0, 0.0, 0.0, 1.0, 0.0, 1.0, 0.0, 1.0, 1.0, 0.0, 1.0, 0.0, 1.0, 0.0, 1.0, 1.0, 0.0, 1.0], [0.0, 1.0, 0.0, 0.0, 0.0, 1.0, 0.0, 1.0, 0.0, 0.0, 1.0, 0.0, 1.0, 1.0, 0.0, 0.0, 1.0, 0.0, 0.0, 1.0], [0.0, 1.0, 0.0, 0.0, 0.0, 1.0, 0.0, 1.0, 0.0, 1.0, 1.0, 0.0, 1.0, 1.0, 1.0, 0.0, 1.0, 1.0, 0.0, 1.0], [0.0, 1.0, 0.0, 0.0, 0.0, 1.0, 0.0, 1.0, 0.0, 0.0, 1.0, 0.0, 1.0, 1.0, 1.0, 0.0, 1.0, 1.0, 0.0, 1.0]]]
numb_iter=17
numb_back=0
cpu_time=3.940723419189453
max_iter=50

SGM results CE 
ce=[[[0.         0.         0.         0.         0.         0.
   0.         0.         0.        ]
  [0.         0.         0.         0.         0.         0.
   0.         0.         0.        ]
  [0.         0.         0.         0.         0.         0.
   0.         0.         0.        ]
  [0.         0.         0.         0.         0.         0.
   0.         0.         0.        ]
  [0.         0.         0.         0.         0.         0.
   0.         0.         0.        ]
  [0.         0.         0.         0.         0.         0.
   0.         0.         0.        ]
  [0.         0.         0.         0.         0.         0.
   0.         0.         0.        ]
  [0.         0.         0.         0.         0.         0.
   0.         0.         0.        ]
  [0.         0.         0.         0.         0.         0.
   0.         0.         0.        ]
  [0.         0.         0.         0.         0.         0.
   0.         0.         0.        ]]

 [[0.         0.         0.         0.         0.         0.
   0.         0.         0.        ]
  [0.         0.         0.         0.         0.         0.
   0.         0.         0.        ]
  [0.         0.         0.         0.         0.         0.
   0.         0.         0.        ]
  [0.         0.         0.         0.         0.         0.
   0.         0.         0.        ]
  [0.         0.         0.         0.         0.         0.
   0.         0.         0.        ]
  [0.         0.         0.         0.         0.         0.
   0.         0.         0.        ]
  [0.         0.         0.         0.         0.         0.
   0.         0.         0.        ]
  [0.         0.         0.         0.         0.         0.
   0.         0.         0.        ]
  [0.         0.         0.         0.         0.         0.
   0.         0.         0.        ]
  [0.         0.         0.         0.         0.         0.
   0.         0.         0.        ]]

 [[0.         0.         0.         0.         0.         0.
   0.         0.         0.        ]
  [0.         0.         0.         0.         0.         0.
   0.         0.         0.        ]
  [0.         0.         0.         0.         0.         0.
   0.         0.         0.        ]
  [0.         0.         0.         0.05218559 0.         0.
   0.04004225 0.         0.        ]
  [0.         0.         0.         0.         0.         0.
   0.         0.         0.        ]
  [0.         0.         0.         0.         0.         0.
   0.1873378  0.         0.        ]
  [0.         0.         0.         0.         0.         0.
   0.         0.         0.        ]
  [0.         0.         0.         0.         0.         0.
   0.         0.         0.        ]
  [0.         0.         0.         0.         0.         0.
   0.         0.         0.        ]
  [0.         0.         0.         0.         0.         0.
   0.         0.         0.        ]]

 [[0.         0.         0.         0.         0.         0.
   0.         0.         0.        ]
  [0.         0.         0.         0.         0.         0.
   0.         0.         0.        ]
  [0.         0.         0.         0.         0.         0.
   0.         0.00089656 0.00452921]
  [0.         0.         0.         0.         0.         0.
   0.02760876 0.         0.        ]
  [0.         0.         0.         0.         0.         0.00934484
   0.         0.00276139 0.01612113]
  [0.         0.         0.         0.         0.         0.
   0.06896105 0.         0.        ]
  [0.         0.         0.         0.         0.         0.
   0.         0.         0.        ]
  [0.         0.         0.         0.         0.         0.
   0.         0.         0.        ]
  [0.         0.         0.         0.         0.         0.
   0.         0.         0.        ]
  [0.         0.         0.         0.         0.         0.
   0.         0.         0.        ]]

 [[0.         0.         0.         0.         0.         0.
   0.         0.         0.        ]
  [0.         0.         0.         0.         0.         0.
   0.         0.         0.        ]
  [0.         0.         0.         0.         0.         0.
   0.         0.         0.00053215]
  [0.         0.         0.         0.         0.         0.
   0.00597391 0.         0.        ]
  [0.         0.         0.         0.         0.         0.00159589
   0.         0.00361917 0.        ]
  [0.         0.         0.         0.         0.         0.
   0.01051809 0.         0.        ]
  [0.         0.         0.         0.         0.         0.
   0.         0.         0.        ]
  [0.         0.         0.         0.         0.         0.
   0.         0.         0.        ]
  [0.         0.         0.         0.         0.         0.
   0.         0.         0.        ]
  [0.         0.         0.         0.         0.         0.
   0.         0.         0.        ]]

 [[0.         0.         0.         0.         0.         0.
   0.         0.         0.        ]
  [0.         0.         0.         0.         0.         0.
   0.         0.         0.        ]
  [0.         0.         0.         0.         0.         0.0022904
   0.         0.         0.        ]
  [0.         0.         0.         0.         0.         0.
   0.05164109 0.         0.        ]
  [0.         0.         0.         0.         0.         0.0115052
   0.         0.00240568 0.03348016]
  [0.         0.         0.         0.         0.         0.
   0.09092306 0.         0.        ]
  [0.         0.         0.         0.         0.         0.
   0.         0.         0.        ]
  [0.         0.         0.         0.         0.         0.
   0.         0.         0.        ]
  [0.         0.         0.         0.         0.         0.
   0.         0.         0.        ]
  [0.         0.         0.         0.         0.         0.
   0.         0.         0.        ]]

 [[0.         0.         0.         0.         0.         0.
   0.         0.         0.        ]
  [0.         0.         0.         0.         0.         0.
   0.         0.         0.        ]
  [0.         0.         0.         0.         0.         0.
   0.         0.         0.        ]
  [0.         0.         0.         0.0239254  0.         0.
   0.01835807 0.         0.        ]
  [0.         0.         0.         0.         0.         0.
   0.         0.         0.        ]
  [0.         0.         0.         0.         0.         0.
   0.0858883  0.         0.        ]
  [0.         0.         0.         0.         0.         0.
   0.         0.         0.        ]
  [0.         0.         0.         0.         0.         0.
   0.         0.         0.        ]
  [0.         0.         0.         0.         0.         0.
   0.         0.         0.        ]
  [0.         0.         0.         0.         0.         0.
   0.         0.         0.        ]]

 [[0.         0.         0.         0.         0.         0.
   0.         0.         0.        ]
  [0.         0.         0.         0.         0.         0.
   0.         0.         0.        ]
  [0.         0.         0.         0.         0.         0.
   0.         0.         0.        ]
  [0.         0.         0.         0.         0.         0.
   0.08166758 0.         0.        ]
  [0.         0.         0.         0.         0.         0.
   0.         0.         0.        ]
  [0.         0.         0.         0.04621024 0.         0.
   0.11967703 0.         0.        ]
  [0.         0.         0.         0.         0.         0.
   0.         0.         0.        ]
  [0.         0.         0.         0.         0.         0.
   0.         0.         0.        ]
  [0.         0.         0.         0.         0.         0.
   0.         0.         0.        ]
  [0.         0.         0.         0.         0.         0.
   0.         0.         0.        ]]

 [[0.         0.         0.         0.         0.         0.
   0.         0.         0.        ]
  [0.         0.         0.         0.         0.         0.
   0.         0.         0.        ]
  [0.         0.         0.         0.         0.         0.
   0.         0.         0.        ]
  [0.         0.         0.         0.         0.         0.
   0.         0.         0.        ]
  [0.         0.         0.         0.         0.         0.
   0.         0.         0.        ]
  [0.         0.         0.         0.         0.         0.
   0.         0.         0.        ]
  [0.         0.         0.         0.         0.         0.
   0.         0.         0.        ]
  [0.         0.         0.         0.         0.         0.
   0.         0.         0.        ]
  [0.         0.         0.         0.         0.         0.
   0.         0.         0.        ]
  [0.         0.         0.         0.         0.         0.
   0.         0.         0.        ]]]
Profits=[389.85850566542234, 576.3362266426603, 442.9511634811194]
S=[[[0.0, 0.0, 0.0, 0.0, 1.0, 0.0, 0.0, 1.0, 0.0, 1.0, 1.0, 1.0, 0.0, 0.0, 1.0, 0.0, 1.0, 0.0, 0.0, 1.0], [0.0, 1.0, 0.0, 0.0, 1.0, 0.0, 0.0, 0.0, 0.0, 1.0, 0.0, 1.0, 1.0, 0.0, 0.0, 0.0, 1.0, 0.0, 0.0, 0.0], [0.0, 1.0, 0.0, 0.0, 0.0, 0.0, 0.0, 0.0, 0.0, 0.0, 0.0, 1.0, 1.0, 0.0, 1.0, 0.0, 1.0, 1.0, 0.0, 0.0], [0.0, 1.0, 0.0, 0.0, 1.0, 0.0, 0.0, 0.0, 0.0, 1.0, 0.0, 1.0, 1.0, 0.0, 1.0, 0.0, 1.0, 0.0, 0.0, 0.0], [0.0, 1.0, 0.0, 0.0, 0.0, 0.0, 0.0, 0.0, 0.0, 0.0, 0.0, 1.0, 1.0, 0.0, 1.0, 0.0, 1.0, 0.0, 0.0, 0.0], [0.0, 1.0, 0.0, 0.0, 1.0, 0.0, 0.0, 0.0, 0.0, 0.0, 0.0, 1.0, 1.0, 0.0, 1.0, 0.0, 1.0, 0.0, 0.0, 0.0], [0.0, 1.0, 0.0, 0.0, 1.0, 0.0, 0.0, 0.0, 0.0, 0.0, 0.0, 1.0, 1.0, 0.0, 1.0, 0.0, 1.0, 1.0, 0.0, 0.0], [0.0, 1.0, 0.0, 0.0, 0.0, 0.0, 0.0, 0.0, 0.0, 1.0, 0.0, 1.0, 1.0, 0.0, 1.0, 0.0, 1.0, 1.0, 0.0, 0.0], [0.0, 1.0, 0.0, 0.0, 1.0, 0.0, 0.0, 0.0, 0.0, 1.0, 0.0, 1.0, 1.0, 0.0, 1.0, 0.0, 1.0, 1.0, 0.0, 0.0]], [[1.0, 0.0, 1.0, 1.0, 0.0, 0.0, 1.0, 1.0, 0.0, 0.0, 0.0, 0.0, 1.0, 0.0, 1.0, 1.0, 0.0, 1.0, 0.0, 1.0], [1.0, 1.0, 1.0, 1.0, 1.0, 0.0, 1.0, 1.0, 1.0, 1.0, 0.0, 1.0, 1.0, 1.0, 1.0, 1.0, 0.0, 0.0, 0.0, 0.0], [1.0, 1.0, 1.0, 1.0, 0.0, 0.0, 1.0, 1.0, 1.0, 0.0, 0.0, 1.0, 1.0, 0.0, 1.0, 0.0, 0.0, 1.0, 0.0, 1.0], [1.0, 1.0, 1.0, 1.0, 1.0, 0.0, 1.0, 1.0, 1.0, 0.0, 0.0, 1.0, 1.0, 0.0, 1.0, 1.0, 0.0, 0.0, 0.0, 1.0], [1.0, 1.0, 1.0, 1.0, 0.0, 0.0, 1.0, 1.0, 1.0, 0.0, 0.0, 1.0, 1.0, 1.0, 1.0, 0.0, 0.0, 1.0, 0.0, 1.0], [1.0, 1.0, 1.0, 1.0, 0.0, 0.0, 1.0, 1.0, 1.0, 0.0, 0.0, 1.0, 1.0, 0.0, 1.0, 0.0, 0.0, 0.0, 0.0, 1.0], [1.0, 1.0, 1.0, 1.0, 1.0, 0.0, 1.0, 1.0, 1.0, 1.0, 0.0, 1.0, 1.0, 1.0, 1.0, 0.0, 0.0, 1.0, 0.0, 1.0], [1.0, 1.0, 1.0, 1.0, 0.0, 0.0, 1.0, 1.0, 1.0, 1.0, 0.0, 1.0, 1.0, 0.0, 1.0, 1.0, 0.0, 1.0, 0.0, 0.0], [1.0, 1.0, 1.0, 1.0, 1.0, 0.0, 1.0, 1.0, 1.0, 0.0, 0.0, 1.0, 1.0, 0.0, 1.0, 1.0, 0.0, 1.0, 0.0, 1.0], [1.0, 1.0, 1.0, 1.0, 1.0, 0.0, 1.0, 1.0, 1.0, 0.0, 0.0, 1.0, 1.0, 1.0, 1.0, 1.0, 0.0, 1.0, 0.0, 1.0]], [[0.0, 1.0, 1.0, 1.0, 0.0, 1.0, 1.0, 0.0, 0.0, 0.0, 1.0, 0.0, 1.0, 1.0, 0.0, 0.0, 1.0, 1.0, 0.0, 1.0], [0.0, 1.0, 0.0, 0.0, 0.0, 1.0, 0.0, 1.0, 0.0, 1.0, 1.0, 0.0, 1.0, 0.0, 1.0, 0.0, 1.0, 1.0, 0.0, 1.0], [0.0, 1.0, 0.0, 0.0, 0.0, 1.0, 0.0, 1.0, 0.0, 0.0, 1.0, 0.0, 1.0, 1.0, 0.0, 0.0, 1.0, 0.0, 0.0, 1.0], [0.0, 1.0, 0.0, 0.0, 0.0, 1.0, 0.0, 1.0, 0.0, 1.0, 1.0, 0.0, 1.0, 1.0, 1.0, 0.0, 1.0, 1.0, 0.0, 1.0], [0.0, 1.0, 0.0, 0.0, 0.0, 1.0, 0.0, 1.0, 0.0, 0.0, 1.0, 0.0, 1.0, 0.0, 0.0, 0.0, 1.0, 0.0, 0.0, 1.0], [0.0, 1.0, 0.0, 0.0, 1.0, 1.0, 0.0, 1.0, 0.0, 0.0, 1.0, 0.0, 1.0, 1.0, 1.0, 0.0, 1.0, 0.0, 0.0, 1.0], [0.0, 1.0, 0.0, 0.0, 0.0, 1.0, 0.0, 1.0, 0.0, 0.0, 1.0, 0.0, 1.0, 1.0, 1.0, 0.0, 1.0, 1.0, 0.0, 1.0], [0.0, 1.0, 0.0, 0.0, 1.0, 1.0, 0.0, 1.0, 0.0, 1.0, 1.0, 0.0, 1.0, 0.0, 1.0, 0.0, 1.0, 0.0, 0.0, 1.0], [0.0, 1.0, 0.0, 0.0, 1.0, 1.0, 0.0, 1.0, 0.0, 1.0, 1.0, 0.0, 1.0, 1.0, 1.0, 0.0, 1.0, 0.0, 0.0, 1.0]]]
numb_iter=26
cpu_time=0.828125
NE?=False
max_iter=1000

SGM results CE 
ce=[[[0.         0.         0.         0.         0.         0.
   0.         0.         0.        ]
  [0.         0.         0.         0.         0.         0.
   0.         0.         0.        ]
  [0.         0.         0.         0.         0.         0.
   0.         0.         0.        ]
  [0.         0.         0.         0.         0.         0.
   0.         0.         0.        ]
  [0.         0.         0.         0.         0.         0.
   0.         0.         0.        ]
  [0.         0.         0.         0.         0.         0.
   0.         0.         0.        ]
  [0.         0.         0.         0.         0.         0.
   0.         0.         0.        ]
  [0.         0.         0.         0.         0.         0.
   0.         0.         0.        ]
  [0.         0.         0.         0.         0.         0.
   0.         0.         0.        ]
  [0.         0.         0.         0.         0.         0.
   0.         0.         0.        ]]

 [[0.         0.         0.         0.         0.         0.
   0.         0.         0.        ]
  [0.         0.         0.         0.         0.         0.
   0.         0.         0.        ]
  [0.         0.         0.         0.         0.         0.
   0.         0.         0.        ]
  [0.         0.         0.         0.         0.         0.
   0.         0.         0.        ]
  [0.         0.         0.         0.         0.         0.
   0.         0.         0.        ]
  [0.         0.         0.         0.         0.         0.
   0.         0.         0.        ]
  [0.         0.         0.         0.         0.         0.
   0.         0.         0.        ]
  [0.         0.         0.         0.         0.         0.
   0.         0.         0.        ]
  [0.         0.         0.         0.         0.         0.
   0.         0.         0.        ]
  [0.         0.         0.         0.         0.         0.
   0.         0.         0.        ]]

 [[0.         0.         0.         0.         0.         0.
   0.         0.         0.        ]
  [0.         0.         0.         0.         0.         0.
   0.         0.         0.        ]
  [0.         0.         0.         0.         0.         0.
   0.         0.         0.        ]
  [0.         0.         0.         0.05218559 0.         0.
   0.04004225 0.         0.        ]
  [0.         0.         0.         0.         0.         0.
   0.         0.         0.        ]
  [0.         0.         0.         0.         0.         0.
   0.1873378  0.         0.        ]
  [0.         0.         0.         0.         0.         0.
   0.         0.         0.        ]
  [0.         0.         0.         0.         0.         0.
   0.         0.         0.        ]
  [0.         0.         0.         0.         0.         0.
   0.         0.         0.        ]
  [0.         0.         0.         0.         0.         0.
   0.         0.         0.        ]]

 [[0.         0.         0.         0.         0.         0.
   0.         0.         0.        ]
  [0.         0.         0.         0.         0.         0.
   0.         0.         0.        ]
  [0.         0.         0.         0.         0.         0.
   0.         0.00089656 0.00452921]
  [0.         0.         0.         0.         0.         0.
   0.02760876 0.         0.        ]
  [0.         0.         0.         0.         0.         0.00934484
   0.         0.00276139 0.01612113]
  [0.         0.         0.         0.         0.         0.
   0.06896105 0.         0.        ]
  [0.         0.         0.         0.         0.         0.
   0.         0.         0.        ]
  [0.         0.         0.         0.         0.         0.
   0.         0.         0.        ]
  [0.         0.         0.         0.         0.         0.
   0.         0.         0.        ]
  [0.         0.         0.         0.         0.         0.
   0.         0.         0.        ]]

 [[0.         0.         0.         0.         0.         0.
   0.         0.         0.        ]
  [0.         0.         0.         0.         0.         0.
   0.         0.         0.        ]
  [0.         0.         0.         0.         0.         0.
   0.         0.         0.00053215]
  [0.         0.         0.         0.         0.         0.
   0.00597391 0.         0.        ]
  [0.         0.         0.         0.         0.         0.00159589
   0.         0.00361917 0.        ]
  [0.         0.         0.         0.         0.         0.
   0.01051809 0.         0.        ]
  [0.         0.         0.         0.         0.         0.
   0.         0.         0.        ]
  [0.         0.         0.         0.         0.         0.
   0.         0.         0.        ]
  [0.         0.         0.         0.         0.         0.
   0.         0.         0.        ]
  [0.         0.         0.         0.         0.         0.
   0.         0.         0.        ]]

 [[0.         0.         0.         0.         0.         0.
   0.         0.         0.        ]
  [0.         0.         0.         0.         0.         0.
   0.         0.         0.        ]
  [0.         0.         0.         0.         0.         0.0022904
   0.         0.         0.        ]
  [0.         0.         0.         0.         0.         0.
   0.05164109 0.         0.        ]
  [0.         0.         0.         0.         0.         0.0115052
   0.         0.00240568 0.03348016]
  [0.         0.         0.         0.         0.         0.
   0.09092306 0.         0.        ]
  [0.         0.         0.         0.         0.         0.
   0.         0.         0.        ]
  [0.         0.         0.         0.         0.         0.
   0.         0.         0.        ]
  [0.         0.         0.         0.         0.         0.
   0.         0.         0.        ]
  [0.         0.         0.         0.         0.         0.
   0.         0.         0.        ]]

 [[0.         0.         0.         0.         0.         0.
   0.         0.         0.        ]
  [0.         0.         0.         0.         0.         0.
   0.         0.         0.        ]
  [0.         0.         0.         0.         0.         0.
   0.         0.         0.        ]
  [0.         0.         0.         0.0239254  0.         0.
   0.01835807 0.         0.        ]
  [0.         0.         0.         0.         0.         0.
   0.         0.         0.        ]
  [0.         0.         0.         0.         0.         0.
   0.0858883  0.         0.        ]
  [0.         0.         0.         0.         0.         0.
   0.         0.         0.        ]
  [0.         0.         0.         0.         0.         0.
   0.         0.         0.        ]
  [0.         0.         0.         0.         0.         0.
   0.         0.         0.        ]
  [0.         0.         0.         0.         0.         0.
   0.         0.         0.        ]]

 [[0.         0.         0.         0.         0.         0.
   0.         0.         0.        ]
  [0.         0.         0.         0.         0.         0.
   0.         0.         0.        ]
  [0.         0.         0.         0.         0.         0.
   0.         0.         0.        ]
  [0.         0.         0.         0.         0.         0.
   0.08166758 0.         0.        ]
  [0.         0.         0.         0.         0.         0.
   0.         0.         0.        ]
  [0.         0.         0.         0.04621024 0.         0.
   0.11967703 0.         0.        ]
  [0.         0.         0.         0.         0.         0.
   0.         0.         0.        ]
  [0.         0.         0.         0.         0.         0.
   0.         0.         0.        ]
  [0.         0.         0.         0.         0.         0.
   0.         0.         0.        ]
  [0.         0.         0.         0.         0.         0.
   0.         0.         0.        ]]

 [[0.         0.         0.         0.         0.         0.
   0.         0.         0.        ]
  [0.         0.         0.         0.         0.         0.
   0.         0.         0.        ]
  [0.         0.         0.         0.         0.         0.
   0.         0.         0.        ]
  [0.         0.         0.         0.         0.         0.
   0.         0.         0.        ]
  [0.         0.         0.         0.         0.         0.
   0.         0.         0.        ]
  [0.         0.         0.         0.         0.         0.
   0.         0.         0.        ]
  [0.         0.         0.         0.         0.         0.
   0.         0.         0.        ]
  [0.         0.         0.         0.         0.         0.
   0.         0.         0.        ]
  [0.         0.         0.         0.         0.         0.
   0.         0.         0.        ]
  [0.         0.         0.         0.         0.         0.
   0.         0.         0.        ]]]
Profits=[389.85850566542234, 576.3362266426603, 442.9511634811194]
S=[[[0.0, 0.0, 0.0, 0.0, 1.0, 0.0, 0.0, 1.0, 0.0, 1.0, 1.0, 1.0, 0.0, 0.0, 1.0, 0.0, 1.0, 0.0, 0.0, 1.0], [0.0, 1.0, 0.0, 0.0, 1.0, 0.0, 0.0, 0.0, 0.0, 1.0, 0.0, 1.0, 1.0, 0.0, 0.0, 0.0, 1.0, 0.0, 0.0, 0.0], [0.0, 1.0, 0.0, 0.0, 0.0, 0.0, 0.0, 0.0, 0.0, 0.0, 0.0, 1.0, 1.0, 0.0, 1.0, 0.0, 1.0, 1.0, 0.0, 0.0], [0.0, 1.0, 0.0, 0.0, 1.0, 0.0, 0.0, 0.0, 0.0, 1.0, 0.0, 1.0, 1.0, 0.0, 1.0, 0.0, 1.0, 0.0, 0.0, 0.0], [0.0, 1.0, 0.0, 0.0, 0.0, 0.0, 0.0, 0.0, 0.0, 0.0, 0.0, 1.0, 1.0, 0.0, 1.0, 0.0, 1.0, 0.0, 0.0, 0.0], [0.0, 1.0, 0.0, 0.0, 1.0, 0.0, 0.0, 0.0, 0.0, 0.0, 0.0, 1.0, 1.0, 0.0, 1.0, 0.0, 1.0, 0.0, 0.0, 0.0], [0.0, 1.0, 0.0, 0.0, 1.0, 0.0, 0.0, 0.0, 0.0, 0.0, 0.0, 1.0, 1.0, 0.0, 1.0, 0.0, 1.0, 1.0, 0.0, 0.0], [0.0, 1.0, 0.0, 0.0, 0.0, 0.0, 0.0, 0.0, 0.0, 1.0, 0.0, 1.0, 1.0, 0.0, 1.0, 0.0, 1.0, 1.0, 0.0, 0.0], [0.0, 1.0, 0.0, 0.0, 1.0, 0.0, 0.0, 0.0, 0.0, 1.0, 0.0, 1.0, 1.0, 0.0, 1.0, 0.0, 1.0, 1.0, 0.0, 0.0]], [[1.0, 0.0, 1.0, 1.0, 0.0, 0.0, 1.0, 1.0, 0.0, 0.0, 0.0, 0.0, 1.0, 0.0, 1.0, 1.0, 0.0, 1.0, 0.0, 1.0], [1.0, 1.0, 1.0, 1.0, 1.0, 0.0, 1.0, 1.0, 1.0, 1.0, 0.0, 1.0, 1.0, 1.0, 1.0, 1.0, 0.0, 0.0, 0.0, 0.0], [1.0, 1.0, 1.0, 1.0, 0.0, 0.0, 1.0, 1.0, 1.0, 0.0, 0.0, 1.0, 1.0, 0.0, 1.0, 0.0, 0.0, 1.0, 0.0, 1.0], [1.0, 1.0, 1.0, 1.0, 1.0, 0.0, 1.0, 1.0, 1.0, 0.0, 0.0, 1.0, 1.0, 0.0, 1.0, 1.0, 0.0, 0.0, 0.0, 1.0], [1.0, 1.0, 1.0, 1.0, 0.0, 0.0, 1.0, 1.0, 1.0, 0.0, 0.0, 1.0, 1.0, 1.0, 1.0, 0.0, 0.0, 1.0, 0.0, 1.0], [1.0, 1.0, 1.0, 1.0, 0.0, 0.0, 1.0, 1.0, 1.0, 0.0, 0.0, 1.0, 1.0, 0.0, 1.0, 0.0, 0.0, 0.0, 0.0, 1.0], [1.0, 1.0, 1.0, 1.0, 1.0, 0.0, 1.0, 1.0, 1.0, 1.0, 0.0, 1.0, 1.0, 1.0, 1.0, 0.0, 0.0, 1.0, 0.0, 1.0], [1.0, 1.0, 1.0, 1.0, 0.0, 0.0, 1.0, 1.0, 1.0, 1.0, 0.0, 1.0, 1.0, 0.0, 1.0, 1.0, 0.0, 1.0, 0.0, 0.0], [1.0, 1.0, 1.0, 1.0, 1.0, 0.0, 1.0, 1.0, 1.0, 0.0, 0.0, 1.0, 1.0, 0.0, 1.0, 1.0, 0.0, 1.0, 0.0, 1.0], [1.0, 1.0, 1.0, 1.0, 1.0, 0.0, 1.0, 1.0, 1.0, 0.0, 0.0, 1.0, 1.0, 1.0, 1.0, 1.0, 0.0, 1.0, 0.0, 1.0]], [[0.0, 1.0, 1.0, 1.0, 0.0, 1.0, 1.0, 0.0, 0.0, 0.0, 1.0, 0.0, 1.0, 1.0, 0.0, 0.0, 1.0, 1.0, 0.0, 1.0], [0.0, 1.0, 0.0, 0.0, 0.0, 1.0, 0.0, 1.0, 0.0, 1.0, 1.0, 0.0, 1.0, 0.0, 1.0, 0.0, 1.0, 1.0, 0.0, 1.0], [0.0, 1.0, 0.0, 0.0, 0.0, 1.0, 0.0, 1.0, 0.0, 0.0, 1.0, 0.0, 1.0, 1.0, 0.0, 0.0, 1.0, 0.0, 0.0, 1.0], [0.0, 1.0, 0.0, 0.0, 0.0, 1.0, 0.0, 1.0, 0.0, 1.0, 1.0, 0.0, 1.0, 1.0, 1.0, 0.0, 1.0, 1.0, 0.0, 1.0], [0.0, 1.0, 0.0, 0.0, 0.0, 1.0, 0.0, 1.0, 0.0, 0.0, 1.0, 0.0, 1.0, 0.0, 0.0, 0.0, 1.0, 0.0, 0.0, 1.0], [0.0, 1.0, 0.0, 0.0, 1.0, 1.0, 0.0, 1.0, 0.0, 0.0, 1.0, 0.0, 1.0, 1.0, 1.0, 0.0, 1.0, 0.0, 0.0, 1.0], [0.0, 1.0, 0.0, 0.0, 0.0, 1.0, 0.0, 1.0, 0.0, 0.0, 1.0, 0.0, 1.0, 1.0, 1.0, 0.0, 1.0, 1.0, 0.0, 1.0], [0.0, 1.0, 0.0, 0.0, 1.0, 1.0, 0.0, 1.0, 0.0, 1.0, 1.0, 0.0, 1.0, 0.0, 1.0, 0.0, 1.0, 0.0, 0.0, 1.0], [0.0, 1.0, 0.0, 0.0, 1.0, 1.0, 0.0, 1.0, 0.0, 1.0, 1.0, 0.0, 1.0, 1.0, 1.0, 0.0, 1.0, 0.0, 0.0, 1.0]]]
numb_iter=26
cpu_time=0.8115851879119873
NE?=False
max_iter=1000

