m-SGM results 
ne=[0.08235294117647059, 0, 0.2692307692307692, 0, 0.323267594209182, 0.3251486953835781, 0, 0.04996502154497446, 0, 0, 0.0, 0.33892386734391444, 0.611111111111111, 0, 0.42857142857142855, 0.04545454545454544, 0, 0.0, 0.27807486631016043, 0.20940751451108164, 0.038491645152783915]
Profits=[187.1616161616161, 149.0, 243.0]
S=[[[1.0, 1.0, 0.0, 1.0, 0.0, 1.0, 1.0, 1.0, 1.0, 1.0], [1.0, 0.0, 1.0, 1.0, 0.0, 0.0, 1.0, 1.0, 1.0, 0.0], [0.0, 1.0, 1.0, 1.0, 0.0, 0.0, 1.0, 1.0, 1.0, 1.0], [0.0, 0.0, 1.0, 1.0, 0.0, 1.0, 1.0, 1.0, 1.0, 1.0], [1.0, 0.0, 0.0, 1.0, 0.0, 0.0, 1.0, 1.0, 1.0, 1.0], [1.0, 1.0, 0.0, 1.0, 0.0, 0.0, 1.0, 1.0, 1.0, 1.0]], [[1.0, 1.0, 1.0, 1.0, 0.0, 0.0, 1.0, 0.0, 0.0, 0.0], [0.0, 0.0, 0.0, 1.0, 1.0, 0.0, 1.0, 1.0, 0.0, 0.0], [1.0, 1.0, 0.0, 0.0, 1.0, 0.0, 1.0, 1.0, 0.0, 0.0], [1.0, 1.0, 0.0, 1.0, 1.0, 0.0, 1.0, 1.0, 0.0, 0.0], [0.0, 1.0, 0.0, 0.0, 1.0, 0.0, 1.0, 1.0, 0.0, 0.0], [0.0, 1.0, 0.0, 1.0, 1.0, 0.0, 1.0, 1.0, 0.0, 0.0], [0.0, 0.0, 0.0, 0.0, 1.0, 0.0, 1.0, 1.0, 0.0, 0.0]], [[1.0, 1.0, 1.0, 0.0, 1.0, 0.0, 1.0, 0.0, 0.0, 1.0], [0.0, 0.0, 1.0, 1.0, 1.0, 1.0, 1.0, 1.0, 0.0, 1.0], [0.0, 1.0, 0.0, 0.0, 1.0, 0.0, 1.0, 1.0, 0.0, 1.0], [1.0, 1.0, 0.0, 1.0, 1.0, 1.0, 1.0, 1.0, 0.0, 1.0], [0.0, 1.0, 1.0, 1.0, 1.0, 1.0, 1.0, 1.0, 0.0, 1.0], [0.0, 1.0, 0.0, 1.0, 1.0, 0.0, 1.0, 1.0, 0.0, 1.0], [0.0, 1.0, 0.0, 1.0, 1.0, 1.0, 1.0, 1.0, 0.0, 1.0], [0.0, 0.0, 0.0, 1.0, 1.0, 1.0, 1.0, 1.0, 0.0, 1.0]]]
numb_iter=19
numb_back=0
cpu_time=11.318973064422607
max_iter=50

SGM results 
ne=[0.08235294117647059, 0, 0.2692307692307692, 0, 0.32326759420918316, 0.32514869538357694, 0, 0.049965021544975445, 0, 0, 0.0, 0.33892386734391344, 0.6111111111111112, 0, 0.21916391406034696, 0.0454545454545455, 0, 0.20940751451108158, 0.27807486631016043, 0.0, 0.24789915966386555]
Profits=[187.1616161616158, 149.0, 243.0]
S=[[[1.0, 1.0, 0.0, 1.0, 0.0, 1.0, 1.0, 1.0, 1.0, 1.0], [1.0, 0.0, 1.0, 1.0, 0.0, 0.0, 1.0, 1.0, 1.0, 0.0], [0.0, 1.0, 1.0, 1.0, 0.0, 0.0, 1.0, 1.0, 1.0, 1.0], [0.0, 0.0, 1.0, 1.0, 0.0, 1.0, 1.0, 1.0, 1.0, 1.0], [1.0, 0.0, 0.0, 1.0, 0.0, 0.0, 1.0, 1.0, 1.0, 1.0], [1.0, 1.0, 0.0, 1.0, 0.0, 0.0, 1.0, 1.0, 1.0, 1.0]], [[1.0, 1.0, 1.0, 1.0, 0.0, 0.0, 1.0, 0.0, 0.0, 0.0], [0.0, 0.0, 0.0, 1.0, 1.0, 0.0, 1.0, 1.0, 0.0, 0.0], [1.0, 1.0, 0.0, 0.0, 1.0, 0.0, 1.0, 1.0, 0.0, 0.0], [1.0, 1.0, 0.0, 1.0, 1.0, 0.0, 1.0, 1.0, 0.0, 0.0], [0.0, 1.0, 0.0, 0.0, 1.0, 0.0, 1.0, 1.0, 0.0, 0.0], [0.0, 1.0, 0.0, 1.0, 1.0, 0.0, 1.0, 1.0, 0.0, 0.0], [0.0, 0.0, 0.0, 0.0, 1.0, 0.0, 1.0, 1.0, 0.0, 0.0]], [[1.0, 1.0, 1.0, 0.0, 1.0, 0.0, 1.0, 0.0, 0.0, 1.0], [0.0, 0.0, 1.0, 1.0, 1.0, 1.0, 1.0, 1.0, 0.0, 1.0], [0.0, 1.0, 0.0, 0.0, 1.0, 0.0, 1.0, 1.0, 0.0, 1.0], [1.0, 1.0, 0.0, 1.0, 1.0, 1.0, 1.0, 1.0, 0.0, 1.0], [0.0, 1.0, 1.0, 1.0, 1.0, 1.0, 1.0, 1.0, 0.0, 1.0], [0.0, 1.0, 0.0, 1.0, 1.0, 0.0, 1.0, 1.0, 0.0, 1.0], [0.0, 1.0, 0.0, 1.0, 1.0, 1.0, 1.0, 1.0, 0.0, 1.0], [0.0, 0.0, 0.0, 1.0, 1.0, 1.0, 1.0, 1.0, 0.0, 1.0]]]
numb_iter=19
numb_back=0
cpu_time=17.32400417327881
max_iter=50

SGM results CE 
ce=[[[0.         0.         0.         ... 0.         0.         0.        ]
  [0.         0.         0.         ... 0.         0.         0.        ]
  [0.         0.         0.         ... 0.         0.         0.        ]
  ...
  [0.         0.         0.         ... 0.         0.         0.        ]
  [0.         0.         0.         ... 0.         0.         0.        ]
  [0.         0.         0.         ... 0.         0.         0.        ]]

 [[0.         0.         0.         ... 0.         0.         0.        ]
  [0.         0.         0.         ... 0.         0.         0.        ]
  [0.         0.         0.         ... 0.         0.         0.        ]
  ...
  [0.         0.         0.         ... 0.         0.         0.        ]
  [0.         0.         0.         ... 0.         0.         0.        ]
  [0.         0.         0.         ... 0.         0.         0.        ]]

 [[0.         0.         0.         ... 0.         0.         0.        ]
  [0.         0.         0.00010647 ... 0.         0.         0.        ]
  [0.         0.         0.         ... 0.         0.         0.        ]
  ...
  [0.         0.         0.         ... 0.         0.         0.        ]
  [0.         0.         0.         ... 0.         0.         0.        ]
  [0.         0.         0.         ... 0.         0.         0.        ]]

 ...

 [[0.         0.         0.         ... 0.         0.         0.        ]
  [0.         0.         0.         ... 0.         0.         0.        ]
  [0.         0.         0.         ... 0.         0.         0.        ]
  ...
  [0.         0.         0.00037511 ... 0.         0.         0.        ]
  [0.         0.         0.         ... 0.         0.         0.        ]
  [0.         0.         0.         ... 0.         0.         0.        ]]

 [[0.         0.         0.         ... 0.         0.         0.        ]
  [0.         0.         0.         ... 0.         0.         0.        ]
  [0.         0.         0.         ... 0.         0.         0.        ]
  ...
  [0.         0.         0.         ... 0.         0.         0.        ]
  [0.         0.         0.         ... 0.         0.         0.        ]
  [0.         0.         0.         ... 0.         0.         0.        ]]

 [[0.         0.         0.         ... 0.         0.         0.        ]
  [0.         0.         0.         ... 0.         0.         0.        ]
  [0.         0.         0.         ... 0.         0.         0.        ]
  ...
  [0.         0.         0.         ... 0.         0.         0.        ]
  [0.         0.         0.         ... 0.         0.         0.        ]
  [0.         0.         0.         ... 0.         0.         0.        ]]]
Profits=[263.76201182634935, 151.74865417358183, 293.0646123109128]
S=[[[1.0, 1.0, 0.0, 1.0, 0.0, 1.0, 1.0, 1.0, 1.0, 1.0], [1.0, 0.0, 1.0, 1.0, 0.0, 0.0, 1.0, 1.0, 1.0, 0.0], [0.0, 1.0, 1.0, 1.0, 0.0, 0.0, 1.0, 1.0, 1.0, 1.0], [0.0, 1.0, 1.0, 1.0, 0.0, 1.0, 1.0, 1.0, 1.0, 1.0], [1.0, 1.0, 0.0, 1.0, 0.0, 0.0, 1.0, 1.0, 1.0, 1.0], [1.0, 0.0, 0.0, 0.0, 0.0, 0.0, 1.0, 1.0, 1.0, 1.0], [0.0, 0.0, 1.0, 1.0, 0.0, 0.0, 1.0, 1.0, 1.0, 1.0], [1.0, 0.0, 0.0, 1.0, 0.0, 1.0, 1.0, 1.0, 1.0, 1.0], [0.0, 0.0, 1.0, 1.0, 0.0, 1.0, 1.0, 1.0, 1.0, 1.0], [1.0, 0.0, 0.0, 1.0, 0.0, 0.0, 1.0, 1.0, 1.0, 1.0], [1.0, 1.0, 1.0, 1.0, 0.0, 0.0, 1.0, 1.0, 1.0, 0.0]], [[1.0, 1.0, 1.0, 1.0, 0.0, 0.0, 1.0, 0.0, 0.0, 0.0], [0.0, 0.0, 0.0, 1.0, 1.0, 0.0, 1.0, 1.0, 0.0, 0.0], [1.0, 1.0, 0.0, 0.0, 1.0, 0.0, 1.0, 1.0, 0.0, 0.0], [1.0, 1.0, 0.0, 1.0, 1.0, 0.0, 1.0, 1.0, 0.0, 0.0], [0.0, 0.0, 0.0, 0.0, 1.0, 0.0, 1.0, 1.0, 0.0, 0.0], [0.0, 1.0, 0.0, 0.0, 1.0, 0.0, 1.0, 1.0, 0.0, 0.0], [1.0, 0.0, 0.0, 0.0, 1.0, 0.0, 1.0, 1.0, 0.0, 0.0], [0.0, 0.0, 1.0, 0.0, 1.0, 0.0, 1.0, 1.0, 0.0, 0.0], [0.0, 1.0, 0.0, 1.0, 1.0, 0.0, 1.0, 1.0, 0.0, 0.0], [0.0, 1.0, 1.0, 0.0, 1.0, 0.0, 1.0, 1.0, 0.0, 0.0], [1.0, 1.0, 1.0, 0.0, 1.0, 0.0, 1.0, 1.0, 0.0, 0.0], [0.0, 0.0, 1.0, 1.0, 1.0, 0.0, 1.0, 1.0, 0.0, 0.0], [0.0, 1.0, 1.0, 1.0, 1.0, 0.0, 1.0, 1.0, 0.0, 0.0], [1.0, 1.0, 1.0, 1.0, 1.0, 0.0, 1.0, 1.0, 0.0, 0.0], [1.0, 0.0, 1.0, 1.0, 1.0, 0.0, 1.0, 1.0, 0.0, 0.0], [1.0, 0.0, 0.0, 1.0, 1.0, 0.0, 1.0, 1.0, 0.0, 0.0], [1.0, 0.0, 1.0, 0.0, 1.0, 0.0, 1.0, 1.0, 0.0, 0.0]], [[1.0, 1.0, 1.0, 0.0, 1.0, 0.0, 1.0, 0.0, 0.0, 1.0], [0.0, 0.0, 1.0, 1.0, 1.0, 1.0, 1.0, 1.0, 0.0, 1.0], [0.0, 1.0, 0.0, 0.0, 1.0, 0.0, 1.0, 1.0, 0.0, 1.0], [0.0, 1.0, 0.0, 1.0, 1.0, 1.0, 1.0, 1.0, 0.0, 1.0], [1.0, 0.0, 0.0, 1.0, 1.0, 0.0, 1.0, 1.0, 0.0, 1.0], [0.0, 1.0, 1.0, 1.0, 1.0, 1.0, 1.0, 1.0, 0.0, 1.0], [0.0, 0.0, 0.0, 1.0, 1.0, 0.0, 1.0, 1.0, 0.0, 1.0], [0.0, 1.0, 0.0, 1.0, 1.0, 0.0, 1.0, 1.0, 0.0, 1.0], [0.0, 0.0, 0.0, 1.0, 1.0, 1.0, 1.0, 1.0, 0.0, 1.0], [0.0, 1.0, 0.0, 0.0, 1.0, 1.0, 1.0, 1.0, 0.0, 1.0], [1.0, 1.0, 0.0, 1.0, 1.0, 1.0, 1.0, 1.0, 0.0, 1.0], [1.0, 1.0, 1.0, 1.0, 1.0, 0.0, 1.0, 1.0, 0.0, 1.0], [1.0, 0.0, 0.0, 1.0, 1.0, 1.0, 1.0, 1.0, 0.0, 1.0], [0.0, 1.0, 1.0, 0.0, 1.0, 1.0, 1.0, 1.0, 0.0, 1.0], [0.0, 1.0, 1.0, 1.0, 1.0, 0.0, 1.0, 1.0, 0.0, 1.0], [0.0, 0.0, 1.0, 0.0, 1.0, 0.0, 1.0, 1.0, 0.0, 1.0], [1.0, 1.0, 0.0, 1.0, 1.0, 0.0, 1.0, 1.0, 0.0, 1.0], [0.0, 0.0, 1.0, 1.0, 1.0, 0.0, 1.0, 1.0, 0.0, 1.0]]]
numb_iter=44
cpu_time=8.353701114654541
NE?=False
max_iter=1000

SGM results CE 
ce=[[[0.         0.         0.         ... 0.         0.         0.        ]
  [0.         0.         0.         ... 0.         0.         0.        ]
  [0.         0.         0.         ... 0.         0.         0.        ]
  ...
  [0.         0.         0.         ... 0.         0.         0.        ]
  [0.         0.         0.         ... 0.         0.         0.        ]
  [0.         0.         0.         ... 0.         0.         0.        ]]

 [[0.         0.         0.         ... 0.         0.         0.        ]
  [0.         0.         0.         ... 0.         0.         0.        ]
  [0.         0.         0.         ... 0.         0.         0.        ]
  ...
  [0.         0.         0.         ... 0.         0.         0.        ]
  [0.         0.         0.         ... 0.         0.         0.        ]
  [0.         0.         0.         ... 0.         0.         0.        ]]

 [[0.         0.         0.         ... 0.         0.         0.        ]
  [0.         0.         0.00010647 ... 0.         0.         0.        ]
  [0.         0.         0.         ... 0.         0.         0.        ]
  ...
  [0.         0.         0.         ... 0.         0.         0.        ]
  [0.         0.         0.         ... 0.         0.         0.        ]
  [0.         0.         0.         ... 0.         0.         0.        ]]

 ...

 [[0.         0.         0.         ... 0.         0.         0.        ]
  [0.         0.         0.         ... 0.         0.         0.        ]
  [0.         0.         0.         ... 0.         0.         0.        ]
  ...
  [0.         0.         0.00037511 ... 0.         0.         0.        ]
  [0.         0.         0.         ... 0.         0.         0.        ]
  [0.         0.         0.         ... 0.         0.         0.        ]]

 [[0.         0.         0.         ... 0.         0.         0.        ]
  [0.         0.         0.         ... 0.         0.         0.        ]
  [0.         0.         0.         ... 0.         0.         0.        ]
  ...
  [0.         0.         0.         ... 0.         0.         0.        ]
  [0.         0.         0.         ... 0.         0.         0.        ]
  [0.         0.         0.         ... 0.         0.         0.        ]]

 [[0.         0.         0.         ... 0.         0.         0.        ]
  [0.         0.         0.         ... 0.         0.         0.        ]
  [0.         0.         0.         ... 0.         0.         0.        ]
  ...
  [0.         0.         0.         ... 0.         0.         0.        ]
  [0.         0.         0.         ... 0.         0.         0.        ]
  [0.         0.         0.         ... 0.         0.         0.        ]]]
Profits=[263.76201182634935, 151.74865417358183, 293.0646123109128]
S=[[[1.0, 1.0, 0.0, 1.0, 0.0, 1.0, 1.0, 1.0, 1.0, 1.0], [1.0, 0.0, 1.0, 1.0, 0.0, 0.0, 1.0, 1.0, 1.0, 0.0], [0.0, 1.0, 1.0, 1.0, 0.0, 0.0, 1.0, 1.0, 1.0, 1.0], [0.0, 1.0, 1.0, 1.0, 0.0, 1.0, 1.0, 1.0, 1.0, 1.0], [1.0, 1.0, 0.0, 1.0, 0.0, 0.0, 1.0, 1.0, 1.0, 1.0], [1.0, 0.0, 0.0, 0.0, 0.0, 0.0, 1.0, 1.0, 1.0, 1.0], [0.0, 0.0, 1.0, 1.0, 0.0, 0.0, 1.0, 1.0, 1.0, 1.0], [1.0, 0.0, 0.0, 1.0, 0.0, 1.0, 1.0, 1.0, 1.0, 1.0], [0.0, 0.0, 1.0, 1.0, 0.0, 1.0, 1.0, 1.0, 1.0, 1.0], [1.0, 0.0, 0.0, 1.0, 0.0, 0.0, 1.0, 1.0, 1.0, 1.0], [1.0, 1.0, 1.0, 1.0, 0.0, 0.0, 1.0, 1.0, 1.0, 0.0]], [[1.0, 1.0, 1.0, 1.0, 0.0, 0.0, 1.0, 0.0, 0.0, 0.0], [0.0, 0.0, 0.0, 1.0, 1.0, 0.0, 1.0, 1.0, 0.0, 0.0], [1.0, 1.0, 0.0, 0.0, 1.0, 0.0, 1.0, 1.0, 0.0, 0.0], [1.0, 1.0, 0.0, 1.0, 1.0, 0.0, 1.0, 1.0, 0.0, 0.0], [0.0, 0.0, 0.0, 0.0, 1.0, 0.0, 1.0, 1.0, 0.0, 0.0], [0.0, 1.0, 0.0, 0.0, 1.0, 0.0, 1.0, 1.0, 0.0, 0.0], [1.0, 0.0, 0.0, 0.0, 1.0, 0.0, 1.0, 1.0, 0.0, 0.0], [0.0, 0.0, 1.0, 0.0, 1.0, 0.0, 1.0, 1.0, 0.0, 0.0], [0.0, 1.0, 0.0, 1.0, 1.0, 0.0, 1.0, 1.0, 0.0, 0.0], [0.0, 1.0, 1.0, 0.0, 1.0, 0.0, 1.0, 1.0, 0.0, 0.0], [1.0, 1.0, 1.0, 0.0, 1.0, 0.0, 1.0, 1.0, 0.0, 0.0], [0.0, 0.0, 1.0, 1.0, 1.0, 0.0, 1.0, 1.0, 0.0, 0.0], [0.0, 1.0, 1.0, 1.0, 1.0, 0.0, 1.0, 1.0, 0.0, 0.0], [1.0, 1.0, 1.0, 1.0, 1.0, 0.0, 1.0, 1.0, 0.0, 0.0], [1.0, 0.0, 1.0, 1.0, 1.0, 0.0, 1.0, 1.0, 0.0, 0.0], [1.0, 0.0, 0.0, 1.0, 1.0, 0.0, 1.0, 1.0, 0.0, 0.0], [1.0, 0.0, 1.0, 0.0, 1.0, 0.0, 1.0, 1.0, 0.0, 0.0]], [[1.0, 1.0, 1.0, 0.0, 1.0, 0.0, 1.0, 0.0, 0.0, 1.0], [0.0, 0.0, 1.0, 1.0, 1.0, 1.0, 1.0, 1.0, 0.0, 1.0], [0.0, 1.0, 0.0, 0.0, 1.0, 0.0, 1.0, 1.0, 0.0, 1.0], [0.0, 1.0, 0.0, 1.0, 1.0, 1.0, 1.0, 1.0, 0.0, 1.0], [1.0, 0.0, 0.0, 1.0, 1.0, 0.0, 1.0, 1.0, 0.0, 1.0], [0.0, 1.0, 1.0, 1.0, 1.0, 1.0, 1.0, 1.0, 0.0, 1.0], [0.0, 0.0, 0.0, 1.0, 1.0, 0.0, 1.0, 1.0, 0.0, 1.0], [0.0, 1.0, 0.0, 1.0, 1.0, 0.0, 1.0, 1.0, 0.0, 1.0], [0.0, 0.0, 0.0, 1.0, 1.0, 1.0, 1.0, 1.0, 0.0, 1.0], [0.0, 1.0, 0.0, 0.0, 1.0, 1.0, 1.0, 1.0, 0.0, 1.0], [1.0, 1.0, 0.0, 1.0, 1.0, 1.0, 1.0, 1.0, 0.0, 1.0], [1.0, 1.0, 1.0, 1.0, 1.0, 0.0, 1.0, 1.0, 0.0, 1.0], [1.0, 0.0, 0.0, 1.0, 1.0, 1.0, 1.0, 1.0, 0.0, 1.0], [0.0, 1.0, 1.0, 0.0, 1.0, 1.0, 1.0, 1.0, 0.0, 1.0], [0.0, 1.0, 1.0, 1.0, 1.0, 0.0, 1.0, 1.0, 0.0, 1.0], [0.0, 0.0, 1.0, 0.0, 1.0, 0.0, 1.0, 1.0, 0.0, 1.0], [1.0, 1.0, 0.0, 1.0, 1.0, 0.0, 1.0, 1.0, 0.0, 1.0], [0.0, 0.0, 1.0, 1.0, 1.0, 0.0, 1.0, 1.0, 0.0, 1.0]]]
numb_iter=44
cpu_time=8.36478304862976
NE?=False
max_iter=1000

