m-SGM results 
ne=[0, 0, 0, 0.29591836734693877, 0.5907955018742181, 0.11328613077884307, 0, 0, 0, 0, 0.846938775510204, 0.15306122448979592, 0, 0, 0, 0, 0.3069073783359498, 0.6930926216640503]
Profits=[147.0, 138.68916797488225, 175.0]
S=[[[1.0, 0.0, 1.0, 0.0, 1.0, 0.0, 0.0, 0.0, 1.0, 0.0], [1.0, 0.0, 1.0, 0.0, 1.0, 0.0, 0.0, 0.0, 0.0, 1.0], [1.0, 0.0, 1.0, 1.0, 1.0, 0.0, 0.0, 1.0, 0.0, 0.0], [1.0, 0.0, 1.0, 0.0, 1.0, 1.0, 0.0, 1.0, 0.0, 1.0], [0.0, 0.0, 1.0, 0.0, 1.0, 0.0, 1.0, 0.0, 0.0, 1.0], [1.0, 0.0, 1.0, 1.0, 1.0, 0.0, 1.0, 0.0, 0.0, 1.0]], [[1.0, 1.0, 0.0, 0.0, 0.0, 0.0, 1.0, 1.0, 1.0, 0.0], [0.0, 1.0, 0.0, 0.0, 1.0, 1.0, 1.0, 1.0, 1.0, 0.0], [0.0, 1.0, 0.0, 1.0, 1.0, 1.0, 1.0, 1.0, 1.0, 1.0], [0.0, 1.0, 0.0, 0.0, 1.0, 0.0, 1.0, 1.0, 1.0, 1.0], [0.0, 1.0, 0.0, 0.0, 1.0, 1.0, 0.0, 1.0, 1.0, 1.0], [1.0, 1.0, 0.0, 0.0, 1.0, 0.0, 0.0, 1.0, 1.0, 1.0]], [[0.0, 1.0, 0.0, 0.0, 0.0, 0.0, 0.0, 0.0, 1.0, 1.0], [0.0, 1.0, 1.0, 0.0, 0.0, 0.0, 1.0, 1.0, 0.0, 0.0], [0.0, 1.0, 1.0, 1.0, 0.0, 0.0, 1.0, 0.0, 0.0, 1.0], [0.0, 1.0, 1.0, 0.0, 0.0, 0.0, 1.0, 0.0, 0.0, 1.0], [0.0, 1.0, 1.0, 0.0, 0.0, 0.0, 0.0, 1.0, 0.0, 1.0], [0.0, 1.0, 1.0, 0.0, 0.0, 0.0, 0.0, 0.0, 0.0, 1.0]]]
numb_iter=16
numb_back=0
cpu_time=0.06852412223815918
max_iter=50

SGM results 
ne=[0, 0, 0, 0.29591836734693877, 0.5907955018742181, 0.11328613077884307, 0, 0, 0, 0, 0.846938775510204, 0.15306122448979592, 0, 0, 0, 0, 0.3069073783359498, 0.6930926216640503]
Profits=[147.0, 138.68916797488225, 175.0]
S=[[[1.0, 0.0, 1.0, 0.0, 1.0, 0.0, 0.0, 0.0, 1.0, 0.0], [1.0, 0.0, 1.0, 0.0, 1.0, 0.0, 0.0, 0.0, 0.0, 1.0], [1.0, 0.0, 1.0, 1.0, 1.0, 0.0, 0.0, 1.0, 0.0, 0.0], [1.0, 0.0, 1.0, 0.0, 1.0, 1.0, 0.0, 1.0, 0.0, 1.0], [0.0, 0.0, 1.0, 0.0, 1.0, 0.0, 1.0, 0.0, 0.0, 1.0], [1.0, 0.0, 1.0, 1.0, 1.0, 0.0, 1.0, 0.0, 0.0, 1.0]], [[1.0, 1.0, 0.0, 0.0, 0.0, 0.0, 1.0, 1.0, 1.0, 0.0], [0.0, 1.0, 0.0, 0.0, 1.0, 1.0, 1.0, 1.0, 1.0, 0.0], [0.0, 1.0, 0.0, 1.0, 1.0, 1.0, 1.0, 1.0, 1.0, 1.0], [0.0, 1.0, 0.0, 0.0, 1.0, 0.0, 1.0, 1.0, 1.0, 1.0], [0.0, 1.0, 0.0, 0.0, 1.0, 1.0, 0.0, 1.0, 1.0, 1.0], [1.0, 1.0, 0.0, 0.0, 1.0, 0.0, 0.0, 1.0, 1.0, 1.0]], [[0.0, 1.0, 0.0, 0.0, 0.0, 0.0, 0.0, 0.0, 1.0, 1.0], [0.0, 1.0, 1.0, 0.0, 0.0, 0.0, 1.0, 1.0, 0.0, 0.0], [0.0, 1.0, 1.0, 1.0, 0.0, 0.0, 1.0, 0.0, 0.0, 1.0], [0.0, 1.0, 1.0, 0.0, 0.0, 0.0, 1.0, 0.0, 0.0, 1.0], [0.0, 1.0, 1.0, 0.0, 0.0, 0.0, 0.0, 1.0, 0.0, 1.0], [0.0, 1.0, 1.0, 0.0, 0.0, 0.0, 0.0, 0.0, 0.0, 1.0]]]
numb_iter=16
numb_back=0
cpu_time=0.1339123249053955
max_iter=50

SGM results CE 
ce=[[[0.         0.         0.         0.         0.         0.        ]
  [0.         0.         0.         0.         0.         0.        ]
  [0.         0.         0.         0.         0.         0.        ]
  [0.         0.         0.         0.         0.         0.        ]
  [0.         0.         0.         0.         0.         0.        ]
  [0.         0.         0.         0.         0.         0.        ]]

 [[0.         0.         0.         0.         0.         0.        ]
  [0.         0.         0.         0.         0.03757596 0.        ]
  [0.         0.         0.         0.         0.         0.        ]
  [0.         0.         0.         0.         0.         0.        ]
  [0.         0.         0.         0.         0.02603841 0.15078962]
  [0.         0.         0.         0.         0.         0.        ]]

 [[0.         0.         0.         0.         0.         0.        ]
  [0.         0.         0.         0.         0.         0.        ]
  [0.         0.         0.         0.         0.         0.        ]
  [0.         0.         0.         0.         0.         0.        ]
  [0.         0.         0.         0.         0.         0.        ]
  [0.         0.         0.         0.         0.         0.        ]]

 [[0.         0.         0.         0.         0.         0.        ]
  [0.         0.         0.         0.         0.         0.        ]
  [0.         0.         0.         0.         0.         0.        ]
  [0.         0.         0.         0.         0.12624733 0.16967104]
  [0.         0.         0.         0.         0.         0.        ]
  [0.         0.         0.         0.         0.         0.        ]]

 [[0.         0.         0.         0.         0.         0.        ]
  [0.         0.         0.         0.         0.         0.        ]
  [0.         0.         0.         0.         0.         0.        ]
  [0.         0.         0.         0.         0.         0.        ]
  [0.         0.         0.         0.         0.23676721 0.25291043]
  [0.         0.         0.         0.         0.         0.        ]]]
Profits=[144.2328432942846, 169.21972866199584, 173.7975693537497]
S=[[[1.0, 0.0, 1.0, 0.0, 1.0, 0.0, 0.0, 0.0, 1.0, 0.0], [1.0, 0.0, 1.0, 0.0, 1.0, 0.0, 0.0, 0.0, 0.0, 1.0], [1.0, 0.0, 1.0, 1.0, 1.0, 0.0, 0.0, 1.0, 0.0, 0.0], [1.0, 0.0, 1.0, 0.0, 1.0, 1.0, 0.0, 1.0, 0.0, 1.0], [0.0, 0.0, 1.0, 0.0, 1.0, 0.0, 1.0, 0.0, 0.0, 1.0]], [[1.0, 1.0, 0.0, 0.0, 0.0, 0.0, 1.0, 1.0, 1.0, 0.0], [0.0, 1.0, 0.0, 0.0, 1.0, 1.0, 1.0, 1.0, 1.0, 0.0], [0.0, 1.0, 0.0, 1.0, 1.0, 1.0, 1.0, 1.0, 1.0, 1.0], [0.0, 1.0, 0.0, 0.0, 1.0, 0.0, 1.0, 1.0, 1.0, 1.0], [0.0, 1.0, 0.0, 0.0, 1.0, 1.0, 0.0, 1.0, 1.0, 1.0], [1.0, 1.0, 0.0, 0.0, 1.0, 1.0, 0.0, 1.0, 1.0, 0.0]], [[0.0, 1.0, 0.0, 0.0, 0.0, 0.0, 0.0, 0.0, 1.0, 1.0], [0.0, 1.0, 1.0, 0.0, 0.0, 0.0, 1.0, 1.0, 0.0, 0.0], [0.0, 1.0, 1.0, 1.0, 0.0, 0.0, 1.0, 0.0, 0.0, 1.0], [0.0, 1.0, 1.0, 0.0, 0.0, 0.0, 1.0, 0.0, 0.0, 1.0], [0.0, 1.0, 1.0, 0.0, 0.0, 0.0, 0.0, 1.0, 0.0, 1.0], [0.0, 1.0, 1.0, 0.0, 0.0, 0.0, 0.0, 0.0, 0.0, 1.0]]]
numb_iter=15
cpu_time=0.10375022888183594
NE?=False
max_iter=1000

SGM results CE 
ce=[[[0.         0.         0.         0.         0.         0.        ]
  [0.         0.         0.         0.         0.         0.        ]
  [0.         0.         0.         0.         0.         0.        ]
  [0.         0.         0.         0.         0.         0.        ]
  [0.         0.         0.         0.         0.         0.        ]
  [0.         0.         0.         0.         0.         0.        ]]

 [[0.         0.         0.         0.         0.         0.        ]
  [0.         0.         0.         0.         0.03757596 0.        ]
  [0.         0.         0.         0.         0.         0.        ]
  [0.         0.         0.         0.         0.         0.        ]
  [0.         0.         0.         0.         0.02603841 0.15078962]
  [0.         0.         0.         0.         0.         0.        ]]

 [[0.         0.         0.         0.         0.         0.        ]
  [0.         0.         0.         0.         0.         0.        ]
  [0.         0.         0.         0.         0.         0.        ]
  [0.         0.         0.         0.         0.         0.        ]
  [0.         0.         0.         0.         0.         0.        ]
  [0.         0.         0.         0.         0.         0.        ]]

 [[0.         0.         0.         0.         0.         0.        ]
  [0.         0.         0.         0.         0.         0.        ]
  [0.         0.         0.         0.         0.         0.        ]
  [0.         0.         0.         0.         0.12624733 0.16967104]
  [0.         0.         0.         0.         0.         0.        ]
  [0.         0.         0.         0.         0.         0.        ]]

 [[0.         0.         0.         0.         0.         0.        ]
  [0.         0.         0.         0.         0.         0.        ]
  [0.         0.         0.         0.         0.         0.        ]
  [0.         0.         0.         0.         0.         0.        ]
  [0.         0.         0.         0.         0.23676721 0.25291043]
  [0.         0.         0.         0.         0.         0.        ]]]
Profits=[144.2328432942846, 169.21972866199584, 173.7975693537497]
S=[[[1.0, 0.0, 1.0, 0.0, 1.0, 0.0, 0.0, 0.0, 1.0, 0.0], [1.0, 0.0, 1.0, 0.0, 1.0, 0.0, 0.0, 0.0, 0.0, 1.0], [1.0, 0.0, 1.0, 1.0, 1.0, 0.0, 0.0, 1.0, 0.0, 0.0], [1.0, 0.0, 1.0, 0.0, 1.0, 1.0, 0.0, 1.0, 0.0, 1.0], [0.0, 0.0, 1.0, 0.0, 1.0, 0.0, 1.0, 0.0, 0.0, 1.0]], [[1.0, 1.0, 0.0, 0.0, 0.0, 0.0, 1.0, 1.0, 1.0, 0.0], [0.0, 1.0, 0.0, 0.0, 1.0, 1.0, 1.0, 1.0, 1.0, 0.0], [0.0, 1.0, 0.0, 1.0, 1.0, 1.0, 1.0, 1.0, 1.0, 1.0], [0.0, 1.0, 0.0, 0.0, 1.0, 0.0, 1.0, 1.0, 1.0, 1.0], [0.0, 1.0, 0.0, 0.0, 1.0, 1.0, 0.0, 1.0, 1.0, 1.0], [1.0, 1.0, 0.0, 0.0, 1.0, 1.0, 0.0, 1.0, 1.0, 0.0]], [[0.0, 1.0, 0.0, 0.0, 0.0, 0.0, 0.0, 0.0, 1.0, 1.0], [0.0, 1.0, 1.0, 0.0, 0.0, 0.0, 1.0, 1.0, 0.0, 0.0], [0.0, 1.0, 1.0, 1.0, 0.0, 0.0, 1.0, 0.0, 0.0, 1.0], [0.0, 1.0, 1.0, 0.0, 0.0, 0.0, 1.0, 0.0, 0.0, 1.0], [0.0, 1.0, 1.0, 0.0, 0.0, 0.0, 0.0, 1.0, 0.0, 1.0], [0.0, 1.0, 1.0, 0.0, 0.0, 0.0, 0.0, 0.0, 0.0, 1.0]]]
numb_iter=15
cpu_time=0.10424089431762695
NE?=False
max_iter=1000

