m-SGM results 
ne=[0, 0, 0, 0, 0, 0, 0, 1.0, 0, 0, 0, 0, 0, 0, 0, 1.0]
Profits=[337.377920540981, 287.24252013722435]
S=[[[1.0, 1.0, 0.0, 0.0, 1.0, 0.0, 0.0, 0.0, 0.0, 0.0, 10.5, 14.5, 0.0, 0.0, 50.5, 0.0, 0.0, 0.0, 0.0, 0.0, 10.5, 3.75, 3.75, 7.0, 11.0, 5.0, 11.0, 12.0, 5.5, 6.0, 0.0, 0.0, 10.75, 7.0, 0.0, 39.5, 34.5, 23.5, 11.5, 6.0, 0.0], [1.0, 0.0, -0.0, -0.0, 1.0, -0.0, -0.0, -0.0, -0.0, -0.0, 11.5, 0.0, 0.0, 0.0, 26.375, 0.0, 0.0, 0.0, 0.0, 0.0, 5.25, 1.625, 1.625, 3.0, 5.75, 2.625, 5.75, 6.25, 2.875, 3.125, 0.0, 6.25, 4.625, 3.0, 0.0, 20.625, 18.0, 12.25, 6.0, 3.125, 0.0], [1.0, 0.0, 0.0, 0.0, 1.0, 0.0, 0.0, 0.0, 0.0, 0.0, 14.375, 0.0, 0.0, 0.0, 32.96875, 0.0, 0.0, 0.0, 0.0, 0.0, 6.5625, 2.03125, 2.03125, 3.75, 7.1875, 3.28125, 7.1875, 7.8125, 3.59375, 3.90625, 0.0, 7.8125, 5.78125, 3.75, 0.0, 25.78125, 22.5, 15.3125, 7.5, 3.90625, 0.0], [1.0, 0.0, 0.0, 0.0, 1.0, 0.0, 0.0, 0.0, 0.0, 0.0, 15.09375, 0.0, 0.0, 0.0, 34.6171875, 0.0, 0.0, 0.0, 0.0, 0.0, 6.890625, 2.1328125, 2.1328125, 3.9375, 7.546875, 3.4453125, 7.546875, 8.203125, 3.7734375, 4.1015625, 0.0, 8.203125, 6.0703125, 3.9375, 0.0, 27.0703125, 23.625, 16.078125, 7.875, 4.1015625, 0.0], [1.0, 0.0, 0.0, 0.0, 1.0, 0.0, 0.0, 0.0, 0.0, 0.0, 15.2734375, 0.0, 0.0, 0.0, 35.029296875, 0.0, 0.0, 0.0, 0.0, 0.0, 6.97265625, 2.158203125, 2.158203125, 3.984375, 7.63671875, 3.486328125, 7.63671875, 8.30078125, 3.818359375, 4.150390625, 0.0, 8.30078125, 6.142578125, 3.984375, 0.0, 27.392578125, 23.90625, 16.26953125, 7.96875, 4.150390625, 0.0], [1.0, 0.0, 0.0, 0.0, 1.0, 0.0, 0.0, 0.0, 0.0, 0.0, 15.318359375, 0.0, 0.0, 0.0, 35.13232421875, 0.0, 0.0, 0.0, 0.0, 0.0, 6.9931640625, 2.16455078125, 2.16455078125, 3.99609375, 7.6591796875, 3.49658203125, 7.6591796875, 8.3251953125, 3.82958984375, 4.16259765625, 0.0, 8.3251953125, 6.16064453125, 3.99609375, 0.0, 27.47314453125, 23.9765625, 16.3173828125, 7.9921875, 4.16259765625, 0.0], [1.0, 0.0, 0.0, 0.0, 1.0, 0.0, 0.0, 0.0, 0.0, 0.0, 15.32958984375, 0.0, 0.0, 0.0, 35.1580810546875, 0.0, 0.0, 0.0, 0.0, 0.0, 6.998291015625, 2.1661376953125, 2.1661376953125, 3.9990234375, 7.664794921875, 3.4991455078125, 7.664794921875, 8.331298828125, 3.8323974609375, 4.1656494140625, 0.0, 8.331298828125, 6.1651611328125, 3.9990234375, 0.0, 27.4932861328125, 23.994140625, 16.329345703125, 7.998046875, 4.1656494140625, 0.0], [1.0, 0.0, 0.0, 0.0, 1.0, 0.0, 0.0, 0.0, 0.0, 0.0, 15.3323974609375, 0.0, 0.0, 0.0, 35.164520263671875, 0.0, 0.0, 0.0, 0.0, 0.0, 6.99957275390625, 2.166534423828125, 2.166534423828125, 3.999755859375, 7.66619873046875, 3.499786376953125, 7.66619873046875, 8.33282470703125, 3.833099365234375, 4.166412353515625, 0.0, 8.33282470703125, 6.166290283203125, 3.999755859375, 0.0, 27.498321533203125, 23.99853515625, 16.33233642578125, 7.99951171875, 4.166412353515625, 0.0]], [[1.0, 1.0, 0.0, 0.0, 0.0, 0.0, 0.0, 0.0, 0.0, 0.0, 10.5, 62.75, 0.0, 0.0, 0.0, 0.0, 0.0, 0.0, 0.0, 0.0, 10.5, 3.75, 3.75, 7.0, 10.5, 4.75, 10.5, 11.5, 5.25, 5.75, 0.0, 0.0, 59.0, 55.25, 48.25, 37.75, 33.0, 22.5, 11.0, 5.75, 0.0], [1.0, 1.0, 0.0, 0.0, 0.0, 0.0, 0.0, 0.0, 0.0, 0.0, 7.875, 46.4375, 0.0, 0.0, 0.0, 0.0, 0.0, 0.0, 0.0, 0.0, 7.875, 2.9375, 2.9375, 5.5, 7.625, 3.4375, 7.625, 8.375, 3.8125, 4.1875, 0.0, 0.0, 43.5, 40.5625, 35.0625, 27.4375, 24.0, 16.375, 8.0, 4.1875, 0.0], [1.0, 1.0, 0.0, 0.0, 0.0, 0.0, 0.0, 0.0, 0.0, 0.0, 7.21875, 42.359375, 0.0, 0.0, 0.0, 0.0, 0.0, 0.0, 0.0, 0.0, 7.21875, 2.734375, 2.734375, 5.125, 6.90625, 3.109375, 6.90625, 7.59375, 3.453125, 3.796875, 0.0, 0.0, 39.625, 36.890625, 31.765625, 24.859375, 21.75, 14.84375, 7.25, 3.796875, 0.0], [1.0, 1.0, 0.0, 0.0, 0.0, 0.0, 0.0, 0.0, 0.0, 0.0, 7.0546875, 41.33984375, 0.0, 0.0, 0.0, 0.0, 0.0, 0.0, 0.0, 0.0, 7.0546875, 2.68359375, 2.68359375, 5.03125, 6.7265625, 3.02734375, 6.7265625, 7.3984375, 3.36328125, 3.69921875, 0.0, 0.0, 38.65625, 35.97265625, 30.94140625, 24.21484375, 21.1875, 14.4609375, 7.0625, 3.69921875, 0.0], [1.0, 1.0, 0.0, 0.0, 0.0, 0.0, 0.0, 0.0, 0.0, 0.0, 7.013671875, 41.0849609375, 0.0, 0.0, 0.0, 0.0, 0.0, 0.0, 0.0, 0.0, 7.013671875, 2.6708984375, 2.6708984375, 5.0078125, 6.681640625, 3.0068359375, 6.681640625, 7.349609375, 3.3408203125, 3.6748046875, 0.0, 0.0, 38.4140625, 35.7431640625, 30.7353515625, 24.0537109375, 21.046875, 14.365234375, 7.015625, 3.6748046875, 0.0], [1.0, 1.0, 0.0, 0.0, 0.0, 0.0, 0.0, 0.0, 0.0, 0.0, 7.00341796875, 41.021240234375, 0.0, 0.0, 0.0, 0.0, 0.0, 0.0, 0.0, 0.0, 7.00341796875, 2.667724609375, 2.667724609375, 5.001953125, 6.67041015625, 3.001708984375, 6.67041015625, 7.33740234375, 3.335205078125, 3.668701171875, 0.0, 0.0, 38.353515625, 35.685791015625, 30.683837890625, 24.013427734375, 21.01171875, 14.34130859375, 7.00390625, 3.668701171875, 0.0], [1.0, 1.0, 0.0, 0.0, 0.0, 0.0, 0.0, 0.0, 0.0, 0.0, 7.0008544921875, 41.00531005859375, 0.0, 0.0, 0.0, 0.0, 0.0, 0.0, 0.0, 0.0, 7.0008544921875, 2.66693115234375, 2.66693115234375, 5.00048828125, 6.6676025390625, 3.00042724609375, 6.6676025390625, 7.3343505859375, 3.33380126953125, 3.66717529296875, 0.0, 0.0, 38.33837890625, 35.67144775390625, 30.67095947265625, 24.00335693359375, 21.0029296875, 14.3353271484375, 7.0009765625, 3.66717529296875, 0.0], [1.0, 1.0, 0.0, 0.0, 0.0, 0.0, 0.0, 0.0, 0.0, 0.0, 7.000213623046875, 41.00132751464844, 0.0, 0.0, 0.0, 0.0, 0.0, 0.0, 0.0, 0.0, 7.000213623046875, 2.6667327880859375, 2.6667327880859375, 5.0001220703125, 6.666900634765625, 3.0001068115234375, 6.666900634765625, 7.333587646484375, 3.3334503173828125, 3.6667938232421875, 0.0, 0.0, 38.3345947265625, 35.66786193847656, 30.667739868164062, 24.000839233398438, 21.000732421875, 14.333831787109375, 7.000244140625, 3.6667938232421875, 0.0]]]
numb_iter=15
numb_back=0
cpu_time=0.0807340145111084
max_iter=50

SGM results 
ne=[0, 0, 0, 0, 0, 0, 0, 1.0, 0, 0, 0, 0, 0, 0, 0, 1.0]
Profits=[337.377920540981, 287.24252013722435]
S=[[[1.0, 1.0, 0.0, 0.0, 1.0, 0.0, 0.0, 0.0, 0.0, 0.0, 10.5, 14.5, 0.0, 0.0, 50.5, 0.0, 0.0, 0.0, 0.0, 0.0, 10.5, 3.75, 3.75, 7.0, 11.0, 5.0, 11.0, 12.0, 5.5, 6.0, 0.0, 0.0, 10.75, 7.0, 0.0, 39.5, 34.5, 23.5, 11.5, 6.0, 0.0], [1.0, 0.0, -0.0, -0.0, 1.0, -0.0, -0.0, -0.0, -0.0, -0.0, 11.5, 0.0, 0.0, 0.0, 26.375, 0.0, 0.0, 0.0, 0.0, 0.0, 5.25, 1.625, 1.625, 3.0, 5.75, 2.625, 5.75, 6.25, 2.875, 3.125, 0.0, 6.25, 4.625, 3.0, 0.0, 20.625, 18.0, 12.25, 6.0, 3.125, 0.0], [1.0, 0.0, 0.0, 0.0, 1.0, 0.0, 0.0, 0.0, 0.0, 0.0, 14.375, 0.0, 0.0, 0.0, 32.96875, 0.0, 0.0, 0.0, 0.0, 0.0, 6.5625, 2.03125, 2.03125, 3.75, 7.1875, 3.28125, 7.1875, 7.8125, 3.59375, 3.90625, 0.0, 7.8125, 5.78125, 3.75, 0.0, 25.78125, 22.5, 15.3125, 7.5, 3.90625, 0.0], [1.0, 0.0, 0.0, 0.0, 1.0, 0.0, 0.0, 0.0, 0.0, 0.0, 15.09375, 0.0, 0.0, 0.0, 34.6171875, 0.0, 0.0, 0.0, 0.0, 0.0, 6.890625, 2.1328125, 2.1328125, 3.9375, 7.546875, 3.4453125, 7.546875, 8.203125, 3.7734375, 4.1015625, 0.0, 8.203125, 6.0703125, 3.9375, 0.0, 27.0703125, 23.625, 16.078125, 7.875, 4.1015625, 0.0], [1.0, 0.0, 0.0, 0.0, 1.0, 0.0, 0.0, 0.0, 0.0, 0.0, 15.2734375, 0.0, 0.0, 0.0, 35.029296875, 0.0, 0.0, 0.0, 0.0, 0.0, 6.97265625, 2.158203125, 2.158203125, 3.984375, 7.63671875, 3.486328125, 7.63671875, 8.30078125, 3.818359375, 4.150390625, 0.0, 8.30078125, 6.142578125, 3.984375, 0.0, 27.392578125, 23.90625, 16.26953125, 7.96875, 4.150390625, 0.0], [1.0, 0.0, 0.0, 0.0, 1.0, 0.0, 0.0, 0.0, 0.0, 0.0, 15.318359375, 0.0, 0.0, 0.0, 35.13232421875, 0.0, 0.0, 0.0, 0.0, 0.0, 6.9931640625, 2.16455078125, 2.16455078125, 3.99609375, 7.6591796875, 3.49658203125, 7.6591796875, 8.3251953125, 3.82958984375, 4.16259765625, 0.0, 8.3251953125, 6.16064453125, 3.99609375, 0.0, 27.47314453125, 23.9765625, 16.3173828125, 7.9921875, 4.16259765625, 0.0], [1.0, 0.0, 0.0, 0.0, 1.0, 0.0, 0.0, 0.0, 0.0, 0.0, 15.32958984375, 0.0, 0.0, 0.0, 35.1580810546875, 0.0, 0.0, 0.0, 0.0, 0.0, 6.998291015625, 2.1661376953125, 2.1661376953125, 3.9990234375, 7.664794921875, 3.4991455078125, 7.664794921875, 8.331298828125, 3.8323974609375, 4.1656494140625, 0.0, 8.331298828125, 6.1651611328125, 3.9990234375, 0.0, 27.4932861328125, 23.994140625, 16.329345703125, 7.998046875, 4.1656494140625, 0.0], [1.0, 0.0, 0.0, 0.0, 1.0, 0.0, 0.0, 0.0, 0.0, 0.0, 15.3323974609375, 0.0, 0.0, 0.0, 35.164520263671875, 0.0, 0.0, 0.0, 0.0, 0.0, 6.99957275390625, 2.166534423828125, 2.166534423828125, 3.999755859375, 7.66619873046875, 3.499786376953125, 7.66619873046875, 8.33282470703125, 3.833099365234375, 4.166412353515625, 0.0, 8.33282470703125, 6.166290283203125, 3.999755859375, 0.0, 27.498321533203125, 23.99853515625, 16.33233642578125, 7.99951171875, 4.166412353515625, 0.0]], [[1.0, 1.0, 0.0, 0.0, 0.0, 0.0, 0.0, 0.0, 0.0, 0.0, 10.5, 62.75, 0.0, 0.0, 0.0, 0.0, 0.0, 0.0, 0.0, 0.0, 10.5, 3.75, 3.75, 7.0, 10.5, 4.75, 10.5, 11.5, 5.25, 5.75, 0.0, 0.0, 59.0, 55.25, 48.25, 37.75, 33.0, 22.5, 11.0, 5.75, 0.0], [1.0, 1.0, 0.0, 0.0, 0.0, 0.0, 0.0, 0.0, 0.0, 0.0, 7.875, 46.4375, 0.0, 0.0, 0.0, 0.0, 0.0, 0.0, 0.0, 0.0, 7.875, 2.9375, 2.9375, 5.5, 7.625, 3.4375, 7.625, 8.375, 3.8125, 4.1875, 0.0, 0.0, 43.5, 40.5625, 35.0625, 27.4375, 24.0, 16.375, 8.0, 4.1875, 0.0], [1.0, 1.0, 0.0, 0.0, 0.0, 0.0, 0.0, 0.0, 0.0, 0.0, 7.21875, 42.359375, 0.0, 0.0, 0.0, 0.0, 0.0, 0.0, 0.0, 0.0, 7.21875, 2.734375, 2.734375, 5.125, 6.90625, 3.109375, 6.90625, 7.59375, 3.453125, 3.796875, 0.0, 0.0, 39.625, 36.890625, 31.765625, 24.859375, 21.75, 14.84375, 7.25, 3.796875, 0.0], [1.0, 1.0, 0.0, 0.0, 0.0, 0.0, 0.0, 0.0, 0.0, 0.0, 7.0546875, 41.33984375, 0.0, 0.0, 0.0, 0.0, 0.0, 0.0, 0.0, 0.0, 7.0546875, 2.68359375, 2.68359375, 5.03125, 6.7265625, 3.02734375, 6.7265625, 7.3984375, 3.36328125, 3.69921875, 0.0, 0.0, 38.65625, 35.97265625, 30.94140625, 24.21484375, 21.1875, 14.4609375, 7.0625, 3.69921875, 0.0], [1.0, 1.0, 0.0, 0.0, 0.0, 0.0, 0.0, 0.0, 0.0, 0.0, 7.013671875, 41.0849609375, 0.0, 0.0, 0.0, 0.0, 0.0, 0.0, 0.0, 0.0, 7.013671875, 2.6708984375, 2.6708984375, 5.0078125, 6.681640625, 3.0068359375, 6.681640625, 7.349609375, 3.3408203125, 3.6748046875, 0.0, 0.0, 38.4140625, 35.7431640625, 30.7353515625, 24.0537109375, 21.046875, 14.365234375, 7.015625, 3.6748046875, 0.0], [1.0, 1.0, 0.0, 0.0, 0.0, 0.0, 0.0, 0.0, 0.0, 0.0, 7.00341796875, 41.021240234375, 0.0, 0.0, 0.0, 0.0, 0.0, 0.0, 0.0, 0.0, 7.00341796875, 2.667724609375, 2.667724609375, 5.001953125, 6.67041015625, 3.001708984375, 6.67041015625, 7.33740234375, 3.335205078125, 3.668701171875, 0.0, 0.0, 38.353515625, 35.685791015625, 30.683837890625, 24.013427734375, 21.01171875, 14.34130859375, 7.00390625, 3.668701171875, 0.0], [1.0, 1.0, 0.0, 0.0, 0.0, 0.0, 0.0, 0.0, 0.0, 0.0, 7.0008544921875, 41.00531005859375, 0.0, 0.0, 0.0, 0.0, 0.0, 0.0, 0.0, 0.0, 7.0008544921875, 2.66693115234375, 2.66693115234375, 5.00048828125, 6.6676025390625, 3.00042724609375, 6.6676025390625, 7.3343505859375, 3.33380126953125, 3.66717529296875, 0.0, 0.0, 38.33837890625, 35.67144775390625, 30.67095947265625, 24.00335693359375, 21.0029296875, 14.3353271484375, 7.0009765625, 3.66717529296875, 0.0], [1.0, 1.0, 0.0, 0.0, 0.0, 0.0, 0.0, 0.0, 0.0, 0.0, 7.000213623046875, 41.00132751464844, 0.0, 0.0, 0.0, 0.0, 0.0, 0.0, 0.0, 0.0, 7.000213623046875, 2.6667327880859375, 2.6667327880859375, 5.0001220703125, 6.666900634765625, 3.0001068115234375, 6.666900634765625, 7.333587646484375, 3.3334503173828125, 3.6667938232421875, 0.0, 0.0, 38.3345947265625, 35.66786193847656, 30.667739868164062, 24.000839233398438, 21.000732421875, 14.333831787109375, 7.000244140625, 3.6667938232421875, 0.0]]]
numb_iter=15
numb_back=0
cpu_time=0.07039666175842285
max_iter=50

Potential results 
X_pot=[[1.0, 15.374891774891775, 7.0, 8.374891774891775, 0.0, 0.0, 2.177056277056277, 6.197835497835498, -0.0, 0.0, 2.177056277056277, 4.020779220779221, -0.0, 0.0, 4.020779220779221, 0.0, 1.0, 35.26017316017315, 7.687445887445887, 27.572727272727267, -0.0, 0.0, 3.5103896103896104, 24.062337662337658, -0.0, 0.0, 7.687445887445887, 16.374891774891772, -0.0, 0.0, 8.354112554112554, 8.02077922077922, -0.0, 0.0, 3.8437229437229434, 4.177056277056277, -0.0, 0.0, 4.177056277056277, 0], [1.0, 7.0, 7.0, 0.0, 1.0, 40.72987012987013, 2.645887445887446, 38.08398268398268, -0.0, 0.0, 2.645887445887446, 35.43809523809524, 0.0, 0.0, 4.958441558441558, 30.47965367965368, -0.0, 0.0, 6.625108225108226, 23.854545454545455, -0.0, 0.0, 2.979220779220779, 20.875324675324677, 0.0, 0.0, 6.625108225108226, 14.250216450216453, 0.0, 0.0, 7.291774891774892, 6.958441558441559, -0.0, 0.0, 3.312554112554113, 3.645887445887446, -0.0, 0.0, 3.645887445887446, 0]]
Profits_pot=[339.1994876407863, 286.3646610820638]
cpu_time_pot=0.0037109851837158203
SGM results CE 
ce=[[0. 0. 0. 0. 0. 0. 0. 0.]
 [0. 0. 0. 0. 0. 0. 0. 0.]
 [0. 0. 0. 0. 0. 0. 0. 0.]
 [0. 0. 0. 0. 0. 0. 0. 0.]
 [0. 0. 0. 0. 0. 0. 0. 0.]
 [0. 0. 0. 0. 0. 0. 0. 0.]
 [0. 0. 0. 0. 0. 0. 0. 0.]
 [0. 0. 0. 0. 0. 0. 0. 1.]]
Profits=[337.37742987294195, 287.2433758228063]
S=[[[1.0, 1.0, 0.0, 0.0, 1.0, 0.0, 0.0, 0.0, 0.0, 0.0, 10.5, 14.5, 0.0, 0.0, 50.5, 0.0, 0.0, 0.0, 0.0, 0.0, 10.5, 3.75, 3.75, 7.0, 11.0, 5.0, 11.0, 12.0, 5.5, 6.0, 0.0, 0.0, 10.75, 7.0, 0.0, 39.5, 34.5, 23.5, 11.5, 6.0, 0.0], [1.0, 0.0, -0.0, -0.0, 1.0, -0.0, -0.0, -0.0, -0.0, -0.0, 11.5, 0.0, 0.0, 0.0, 26.375, 0.0, 0.0, 0.0, 0.0, 0.0, 5.25, 1.625, 1.625, 3.0, 5.75, 2.625, 5.75, 6.25, 2.875, 3.125, 0.0, 6.25, 4.625, 3.0, 0.0, 20.625, 18.0, 12.25, 6.0, 3.125, 0.0], [1.0, 0.0, -0.0, -0.0, 1.0, -0.0, -0.0, -0.0, -0.0, -0.0, 14.375, 0.0, 0.0, 0.0, 32.84017857142857, 0.0, 0.0, 0.0, 0.0, 0.0, 6.5625, 2.03125, 2.03125, 3.75, 7.1589285714285715, 3.2669642857142858, 7.1589285714285715, 7.7839285714285715, 3.5794642857142858, 3.8919642857142858, 0.0, 7.8125, 5.78125, 3.75, 0.0, 25.68125, 22.414285714285715, 15.255357142857143, 7.4714285714285715, 3.8919642857142858, 0.0], [1.0, 0.0, 0.0, 0.0, 1.0, 0.0, 0.0, 0.0, 0.0, 0.0, 15.09375, 0.0, 0.0, 0.0, 34.58504464285714, 0.0, 0.0, 0.0, 0.0, 0.0, 6.890625, 2.1328125, 2.1328125, 3.9375, 7.539732142857144, 3.441741071428572, 7.539732142857144, 8.195982142857144, 3.769866071428572, 4.097991071428572, 0.0, 8.203125, 6.0703125, 3.9375, 0.0, 27.0453125, 23.60357142857143, 16.063839285714288, 7.867857142857144, 4.097991071428572, 0.0], [1.0, 0.0, 0.0, 0.0, 1.0, 0.0, 0.0, 0.0, 0.0, 0.0, 15.2734375, 0.0, 0.0, 0.0, 35.02126116071429, 0.0, 0.0, 0.0, 0.0, 0.0, 6.97265625, 2.158203125, 2.158203125, 3.984375, 7.634933035714287, 3.4854352678571434, 7.634933035714287, 8.298995535714287, 3.8174665178571434, 4.149497767857143, 0.0, 8.30078125, 6.142578125, 3.984375, 0.0, 27.386328125000006, 23.90089285714286, 16.265959821428574, 7.966964285714287, 4.149497767857143, 0.0], [1.0, 0.0, 0.0, 0.0, 1.0, 0.0, 0.0, 0.0, 0.0, 0.0, 15.318359375, 0.0, 0.0, 0.0, 35.13031529017857, 0.0, 0.0, 0.0, 0.0, 0.0, 6.9931640625, 2.16455078125, 2.16455078125, 3.99609375, 7.658733258928571, 3.4963588169642854, 7.658733258928571, 8.32474888392857, 3.8293666294642854, 4.162374441964285, 0.0, 8.3251953125, 6.16064453125, 3.99609375, 0.0, 27.471582031249998, 23.975223214285712, 16.31648995535714, 7.991741071428571, 4.162374441964285, 0.0], [1.0, 0.0, 0.0, 0.0, 1.0, 0.0, 0.0, 0.0, 0.0, 0.0, 15.32958984375, 0.0, 0.0, 0.0, 35.15757882254464, 0.0, 0.0, 0.0, 0.0, 0.0, 6.998291015625, 2.1661376953125, 2.1661376953125, 3.9990234375, 7.664683314732143, 3.4990897042410714, 7.664683314732143, 8.331187220982143, 3.8323416573660714, 4.165593610491071, 0.0, 8.331298828125, 6.1651611328125, 3.9990234375, 0.0, 27.4928955078125, 23.993805803571426, 16.329122488839282, 7.997935267857143, 4.165593610491071, 0.0], [1.0, 0.0, 0.0, 0.0, 1.0, 0.0, 0.0, 0.0, 0.0, 0.0, 15.3323974609375, 0.0, 0.0, 0.0, 35.16439470563616, 0.0, 0.0, 0.0, 0.0, 0.0, 6.99957275390625, 2.166534423828125, 2.166534423828125, 3.999755859375, 7.666170828683036, 3.499772426060268, 7.666170828683036, 8.332796805245536, 3.833085414341518, 4.166398402622768, 0.0, 8.33282470703125, 6.166290283203125, 3.999755859375, 0.0, 27.498223876953126, 23.99845145089286, 16.332280622209822, 7.999483816964286, 4.166398402622768, 0.0]], [[1.0, 1.0, 0.0, 0.0, 0.0, 0.0, 0.0, 0.0, 0.0, 0.0, 10.5, 62.75, 0.0, 0.0, 0.0, 0.0, 0.0, 0.0, 0.0, 0.0, 10.5, 3.75, 3.75, 7.0, 10.5, 4.75, 10.5, 11.5, 5.25, 5.75, 0.0, 0.0, 59.0, 55.25, 48.25, 37.75, 33.0, 22.5, 11.0, 5.75, 0.0], [1.0, 1.0, 0.0, 0.0, 0.0, 0.0, 0.0, 0.0, 0.0, 0.0, 7.875, 46.4375, 0.0, 0.0, 0.0, 0.0, 0.0, 0.0, 0.0, 0.0, 7.875, 2.9375, 2.9375, 5.5, 7.625, 3.4375, 7.625, 8.375, 3.8125, 4.1875, 0.0, 0.0, 43.5, 40.5625, 35.0625, 27.4375, 24.0, 16.375, 8.0, 4.1875, 0.0], [1.0, 1.0, 0.0, 0.0, 0.0, 0.0, 0.0, 0.0, 0.0, 0.0, 7.21875, 42.42366071428572, 0.0, 0.0, 0.0, 0.0, 0.0, 0.0, 0.0, 0.0, 7.21875, 2.734375, 2.734375, 5.125, 6.920535714285714, 3.116517857142857, 6.920535714285714, 7.608035714285714, 3.460267857142857, 3.804017857142857, 0.0, 0.0, 39.68928571428572, 36.95491071428572, 31.829910714285717, 24.909375, 21.792857142857144, 14.872321428571428, 7.264285714285714, 3.804017857142857, 0.0], [1.0, 1.0, 0.0, 0.0, 0.0, 0.0, 0.0, 0.0, 0.0, 0.0, 7.0546875, 41.35591517857143, 0.0, 0.0, 0.0, 0.0, 0.0, 0.0, 0.0, 0.0, 7.0546875, 2.68359375, 2.68359375, 5.03125, 6.730133928571428, 3.029129464285714, 6.730133928571428, 7.402008928571428, 3.365066964285714, 3.701004464285714, 0.0, 0.0, 38.67232142857143, 35.98872767857143, 30.95747767857143, 24.22734375, 21.198214285714286, 14.468080357142856, 7.066071428571428, 3.701004464285714, 0.0], [1.0, 1.0, 0.0, 0.0, 0.0, 0.0, 0.0, 0.0, 0.0, 0.0, 7.013671875, 41.088978794642856, 0.0, 0.0, 0.0, 0.0, 0.0, 0.0, 0.0, 0.0, 7.013671875, 2.6708984375, 2.6708984375, 5.0078125, 6.682533482142857, 3.0072823660714283, 6.682533482142857, 7.350502232142857, 3.3412667410714283, 3.6752511160714283, 0.0, 0.0, 38.418080357142856, 35.747181919642856, 30.739369419642856, 24.056835937499997, 21.049553571428568, 14.367020089285713, 7.016517857142857, 3.6752511160714283, 0.0], [1.0, 1.0, 0.0, 0.0, 0.0, 0.0, 0.0, 0.0, 0.0, 0.0, 7.00341796875, 41.022244698660714, 0.0, 0.0, 0.0, 0.0, 0.0, 0.0, 0.0, 0.0, 7.00341796875, 2.667724609375, 2.667724609375, 5.001953125, 6.670633370535715, 3.0018205915178573, 6.670633370535715, 7.337625558035715, 3.3353166852678573, 3.6688127790178573, 0.0, 0.0, 38.354520089285714, 35.686795479910714, 30.684842354910717, 24.014208984375003, 21.012388392857144, 14.34175502232143, 7.004129464285715, 3.6688127790178573, 0.0], [1.0, 1.0, 0.0, 0.0, 0.0, 0.0, 0.0, 0.0, 0.0, 0.0, 7.0008544921875, 41.005561174665175, 0.0, 0.0, 0.0, 0.0, 0.0, 0.0, 0.0, 0.0, 7.0008544921875, 2.66693115234375, 2.66693115234375, 5.00048828125, 6.667658342633928, 3.000455147879464, 6.667658342633928, 7.334406389508928, 3.333829171316964, 3.667203194754464, 0.0, 0.0, 38.338630022321425, 35.671698869977675, 30.671210588727675, 24.003552246093747, 21.003097098214283, 14.335438755580356, 7.001032366071428, 3.667203194754464, 0.0], [1.0, 1.0, 0.0, 0.0, 0.0, 0.0, 0.0, 0.0, 0.0, 0.0, 7.000213623046875, 41.00139029366629, 0.0, 0.0, 0.0, 0.0, 0.0, 0.0, 0.0, 0.0, 7.000213623046875, 2.6667327880859375, 2.6667327880859375, 5.0001220703125, 6.666914585658482, 3.000113786969866, 6.666914585658482, 7.333601597377232, 3.333457292829241, 3.666800798688616, 0.0, 0.0, 38.33465750558035, 35.667924717494415, 30.66780264718192, 24.000888061523437, 21.00077427455357, 14.333859688895089, 7.000258091517857, 3.666800798688616, 0.0]]]
numb_iter=15
cpu_time=0.34088969230651855
NE?=True
max_iter=1000

