m-SGM results 
ne=[0, 0, 0, 0, 0, 0, 0, 1.0, 0, 0, 0, 0, 0, 0, 0, 1.0]
Profits=[305.2123881801963, 198.57178442552686]
S=[[[1.0, -0.0, -0.0, -0.0, -0.0, 0.0, -0.0, -0.0, -0.0, -0.0, 71.0, 0.0, 0.0, 0.0, 0.0, 0.0, 0.0, 0.0, 0.0, 0.0, 9.0, 12.0, 4.5, 8.5, 4.25, 3.75, 5.0, 8.0, 7.5, 8.5, 0.0, 62.0, 50.0, 45.5, 37.0, 32.75, 29.0, 24.0, 16.0, 8.5, 0.0], [1.0, 0.0, 0.0, 0.0, 0.0, 0.0, 0.0, 0.0, 0.0, 0.0, 37.5, 0.0, 0.0, 0.0, 0.0, 0.0, 0.0, 0.0, 0.0, 0.0, 5.0, 6.5, 2.5, 4.75, 2.375, 1.875, 2.5, 4.0, 3.75, 4.25, 0.0, 32.5, 26.0, 23.5, 18.75, 16.375, 14.5, 12.0, 8.0, 4.25, 0.0], [1.0, 0.0, 0.0, 0.0, 0.0, 0.0, 0.0, 0.0, 0.0, 0.0, 46.875, 0.0, 0.0, 0.0, 0.0, 0.0, 0.0, 0.0, 0.0, 0.0, 6.25, 8.125, 3.125, 5.9375, 2.96875, 2.34375, 3.125, 5.0, 4.6875, 5.3125, 0.0, 40.625, 32.5, 29.375, 23.4375, 20.46875, 18.125, 15.0, 10.0, 5.3125, 0.0], [1.0, 0.0, 0.0, 0.0, 0.0, 0.0, 0.0, 0.0, 0.0, 0.0, 49.21875, 0.0, 0.0, 0.0, 0.0, 0.0, 0.0, 0.0, 0.0, 0.0, 6.5625, 8.53125, 3.28125, 6.234375, 3.1171875, 2.4609375, 3.28125, 5.25, 4.921875, 5.578125, 0.0, 42.65625, 34.125, 30.84375, 24.609375, 21.4921875, 19.03125, 15.75, 10.5, 5.578125, 0.0], [1.0, 0.0, 0.0, 0.0, 0.0, 0.0, 0.0, 0.0, 0.0, 0.0, 49.8046875, 0.0, 0.0, 0.0, 0.0, 0.0, 0.0, 0.0, 0.0, 0.0, 6.640625, 8.6328125, 3.3203125, 6.30859375, 3.154296875, 2.490234375, 3.3203125, 5.3125, 4.98046875, 5.64453125, 0.0, 43.1640625, 34.53125, 31.2109375, 24.90234375, 21.748046875, 19.2578125, 15.9375, 10.625, 5.64453125, 0.0], [1.0, 0.0, 0.0, 0.0, 0.0, 0.0, 0.0, 0.0, 0.0, 0.0, 49.951171875, 0.0, 0.0, 0.0, 0.0, 0.0, 0.0, 0.0, 0.0, 0.0, 6.66015625, 8.658203125, 3.330078125, 6.3271484375, 3.16357421875, 2.49755859375, 3.330078125, 5.328125, 4.9951171875, 5.6611328125, 0.0, 43.291015625, 34.6328125, 31.302734375, 24.9755859375, 21.81201171875, 19.314453125, 15.984375, 10.65625, 5.6611328125, 0.0], [1.0, 0.0, 0.0, 0.0, 0.0, 0.0, 0.0, 0.0, 0.0, 0.0, 49.98779296875, 0.0, 0.0, 0.0, 0.0, 0.0, 0.0, 0.0, 0.0, 0.0, 6.6650390625, 8.66455078125, 3.33251953125, 6.331787109375, 3.1658935546875, 2.4993896484375, 3.33251953125, 5.33203125, 4.998779296875, 5.665283203125, 0.0, 43.32275390625, 34.658203125, 31.32568359375, 24.993896484375, 21.8280029296875, 19.32861328125, 15.99609375, 10.6640625, 5.665283203125, 0.0], [1.0, 0.0, 0.0, 0.0, 0.0, 0.0, 0.0, 0.0, 0.0, 0.0, 49.9969482421875, 0.0, 0.0, 0.0, 0.0, 0.0, 0.0, 0.0, 0.0, 0.0, 6.666259765625, 8.6661376953125, 3.3331298828125, 6.33294677734375, 3.166473388671875, 2.499847412109375, 3.3331298828125, 5.3330078125, 4.99969482421875, 5.66632080078125, 0.0, 43.3306884765625, 34.66455078125, 31.3314208984375, 24.99847412109375, 21.832000732421875, 19.3321533203125, 15.9990234375, 10.666015625, 5.66632080078125, 0.0]], [[1.0, -0.0, -0.0, -0.0, -0.0, 1.0, 0.0, -0.0, -0.0, -0.0, 34.25, 0.0, 0.0, 0.0, 0.0, 32.75, 0.0, 0.0, 0.0, 0.0, 8.0, 11.0, 4.0, 7.5, 3.75, 3.75, 5.0, 8.0, 7.5, 8.5, 0.0, 26.25, 15.25, 11.25, 3.75, 0.0, 29.0, 24.0, 16.0, 8.5, 0.0], [1.0, 0.0, 0.0, 0.0, 0.0, 1.0, 0.0, 0.0, 0.0, 0.0, 23.6875, 0.0, 0.0, 0.0, 0.0, 24.5625, 0.0, 0.0, 0.0, 0.0, 5.5, 7.75, 2.75, 5.125, 2.5625, 2.8125, 3.75, 6.0, 5.625, 6.375, 0.0, 18.1875, 10.4375, 7.6875, 2.5625, 0.0, 21.75, 18.0, 12.0, 6.375, 0.0], [1.0, 0.0, 0.0, 0.0, 0.0, 1.0, 0.0, 0.0, 0.0, 0.0, 21.046875, 0.0, 0.0, 0.0, 0.0, 22.515625, 0.0, 0.0, 0.0, 0.0, 4.875, 6.9375, 2.4375, 4.53125, 2.265625, 2.578125, 3.4375, 5.5, 5.15625, 5.84375, 0.0, 16.171875, 9.234375, 6.796875, 2.265625, 0.0, 19.9375, 16.5, 11.0, 5.84375, 0.0], [1.0, 0.0, 0.0, 0.0, 0.0, 1.0, 0.0, 0.0, 0.0, 0.0, 20.38671875, 0.0, 0.0, 0.0, 0.0, 22.00390625, 0.0, 0.0, 0.0, 0.0, 4.71875, 6.734375, 2.359375, 4.3828125, 2.19140625, 2.51953125, 3.359375, 5.375, 5.0390625, 5.7109375, 0.0, 15.66796875, 8.93359375, 6.57421875, 2.19140625, 0.0, 19.484375, 16.125, 10.75, 5.7109375, 0.0], [1.0, 0.0, 0.0, 0.0, 0.0, 1.0, 0.0, 0.0, 0.0, 0.0, 20.2216796875, 0.0, 0.0, 0.0, 0.0, 21.8759765625, 0.0, 0.0, 0.0, 0.0, 4.6796875, 6.68359375, 2.33984375, 4.345703125, 2.1728515625, 2.5048828125, 3.33984375, 5.34375, 5.009765625, 5.677734375, 0.0, 15.5419921875, 8.8583984375, 6.5185546875, 2.1728515625, 0.0, 19.37109375, 16.03125, 10.6875, 5.677734375, 0.0], [1.0, 0.0, 0.0, 0.0, 0.0, 1.0, 0.0, 0.0, 0.0, 0.0, 20.180419921875, 0.0, 0.0, 0.0, 0.0, 21.843994140625, 0.0, 0.0, 0.0, 0.0, 4.669921875, 6.6708984375, 2.3349609375, 4.33642578125, 2.168212890625, 2.501220703125, 3.3349609375, 5.3359375, 5.00244140625, 5.66943359375, 0.0, 15.510498046875, 8.839599609375, 6.504638671875, 2.168212890625, 0.0, 19.3427734375, 16.0078125, 10.671875, 5.66943359375, 0.0], [1.0, 0.0, 0.0, 0.0, 0.0, 1.0, 0.0, 0.0, 0.0, 0.0, 20.17010498046875, 0.0, 0.0, 0.0, 0.0, 21.83599853515625, 0.0, 0.0, 0.0, 0.0, 4.66748046875, 6.667724609375, 2.333740234375, 4.3341064453125, 2.16705322265625, 2.50030517578125, 3.333740234375, 5.333984375, 5.0006103515625, 5.6673583984375, 0.0, 15.50262451171875, 8.83489990234375, 6.50115966796875, 2.16705322265625, 0.0, 19.335693359375, 16.001953125, 10.66796875, 5.6673583984375, 0.0], [1.0, 0.0, 0.0, 0.0, 0.0, 1.0, 0.0, 0.0, 0.0, 0.0, 20.167526245117188, 0.0, 0.0, 0.0, 0.0, 21.833999633789062, 0.0, 0.0, 0.0, 0.0, 4.6668701171875, 6.66693115234375, 2.33343505859375, 4.333526611328125, 2.1667633056640625, 2.5000762939453125, 3.33343505859375, 5.33349609375, 5.000152587890625, 5.666839599609375, 0.0, 15.500656127929688, 8.833724975585938, 6.5002899169921875, 2.1667633056640625, 0.0, 19.33392333984375, 16.00048828125, 10.6669921875, 5.666839599609375, 0.0]]]
numb_iter=15
numb_back=0
cpu_time=0.07702922821044922
max_iter=50

SGM results 
ne=[0, 0, 0, 0, 0, 0, 0, 1.0, 0, 0, 0, 0, 0, 0, 0, 1.0]
Profits=[305.2123881801963, 198.57178442552686]
S=[[[1.0, -0.0, -0.0, -0.0, -0.0, 0.0, -0.0, -0.0, -0.0, -0.0, 71.0, 0.0, 0.0, 0.0, 0.0, 0.0, 0.0, 0.0, 0.0, 0.0, 9.0, 12.0, 4.5, 8.5, 4.25, 3.75, 5.0, 8.0, 7.5, 8.5, 0.0, 62.0, 50.0, 45.5, 37.0, 32.75, 29.0, 24.0, 16.0, 8.5, 0.0], [1.0, 0.0, 0.0, 0.0, 0.0, 0.0, 0.0, 0.0, 0.0, 0.0, 37.5, 0.0, 0.0, 0.0, 0.0, 0.0, 0.0, 0.0, 0.0, 0.0, 5.0, 6.5, 2.5, 4.75, 2.375, 1.875, 2.5, 4.0, 3.75, 4.25, 0.0, 32.5, 26.0, 23.5, 18.75, 16.375, 14.5, 12.0, 8.0, 4.25, 0.0], [1.0, 0.0, 0.0, 0.0, 0.0, 0.0, 0.0, 0.0, 0.0, 0.0, 46.875, 0.0, 0.0, 0.0, 0.0, 0.0, 0.0, 0.0, 0.0, 0.0, 6.25, 8.125, 3.125, 5.9375, 2.96875, 2.34375, 3.125, 5.0, 4.6875, 5.3125, 0.0, 40.625, 32.5, 29.375, 23.4375, 20.46875, 18.125, 15.0, 10.0, 5.3125, 0.0], [1.0, 0.0, 0.0, 0.0, 0.0, 0.0, 0.0, 0.0, 0.0, 0.0, 49.21875, 0.0, 0.0, 0.0, 0.0, 0.0, 0.0, 0.0, 0.0, 0.0, 6.5625, 8.53125, 3.28125, 6.234375, 3.1171875, 2.4609375, 3.28125, 5.25, 4.921875, 5.578125, 0.0, 42.65625, 34.125, 30.84375, 24.609375, 21.4921875, 19.03125, 15.75, 10.5, 5.578125, 0.0], [1.0, 0.0, 0.0, 0.0, 0.0, 0.0, 0.0, 0.0, 0.0, 0.0, 49.8046875, 0.0, 0.0, 0.0, 0.0, 0.0, 0.0, 0.0, 0.0, 0.0, 6.640625, 8.6328125, 3.3203125, 6.30859375, 3.154296875, 2.490234375, 3.3203125, 5.3125, 4.98046875, 5.64453125, 0.0, 43.1640625, 34.53125, 31.2109375, 24.90234375, 21.748046875, 19.2578125, 15.9375, 10.625, 5.64453125, 0.0], [1.0, 0.0, 0.0, 0.0, 0.0, 0.0, 0.0, 0.0, 0.0, 0.0, 49.951171875, 0.0, 0.0, 0.0, 0.0, 0.0, 0.0, 0.0, 0.0, 0.0, 6.66015625, 8.658203125, 3.330078125, 6.3271484375, 3.16357421875, 2.49755859375, 3.330078125, 5.328125, 4.9951171875, 5.6611328125, 0.0, 43.291015625, 34.6328125, 31.302734375, 24.9755859375, 21.81201171875, 19.314453125, 15.984375, 10.65625, 5.6611328125, 0.0], [1.0, 0.0, 0.0, 0.0, 0.0, 0.0, 0.0, 0.0, 0.0, 0.0, 49.98779296875, 0.0, 0.0, 0.0, 0.0, 0.0, 0.0, 0.0, 0.0, 0.0, 6.6650390625, 8.66455078125, 3.33251953125, 6.331787109375, 3.1658935546875, 2.4993896484375, 3.33251953125, 5.33203125, 4.998779296875, 5.665283203125, 0.0, 43.32275390625, 34.658203125, 31.32568359375, 24.993896484375, 21.8280029296875, 19.32861328125, 15.99609375, 10.6640625, 5.665283203125, 0.0], [1.0, 0.0, 0.0, 0.0, 0.0, 0.0, 0.0, 0.0, 0.0, 0.0, 49.9969482421875, 0.0, 0.0, 0.0, 0.0, 0.0, 0.0, 0.0, 0.0, 0.0, 6.666259765625, 8.6661376953125, 3.3331298828125, 6.33294677734375, 3.166473388671875, 2.499847412109375, 3.3331298828125, 5.3330078125, 4.99969482421875, 5.66632080078125, 0.0, 43.3306884765625, 34.66455078125, 31.3314208984375, 24.99847412109375, 21.832000732421875, 19.3321533203125, 15.9990234375, 10.666015625, 5.66632080078125, 0.0]], [[1.0, -0.0, -0.0, -0.0, -0.0, 1.0, 0.0, -0.0, -0.0, -0.0, 34.25, 0.0, 0.0, 0.0, 0.0, 32.75, 0.0, 0.0, 0.0, 0.0, 8.0, 11.0, 4.0, 7.5, 3.75, 3.75, 5.0, 8.0, 7.5, 8.5, 0.0, 26.25, 15.25, 11.25, 3.75, 0.0, 29.0, 24.0, 16.0, 8.5, 0.0], [1.0, 0.0, 0.0, 0.0, 0.0, 1.0, 0.0, 0.0, 0.0, 0.0, 23.6875, 0.0, 0.0, 0.0, 0.0, 24.5625, 0.0, 0.0, 0.0, 0.0, 5.5, 7.75, 2.75, 5.125, 2.5625, 2.8125, 3.75, 6.0, 5.625, 6.375, 0.0, 18.1875, 10.4375, 7.6875, 2.5625, 0.0, 21.75, 18.0, 12.0, 6.375, 0.0], [1.0, 0.0, 0.0, 0.0, 0.0, 1.0, 0.0, 0.0, 0.0, 0.0, 21.046875, 0.0, 0.0, 0.0, 0.0, 22.515625, 0.0, 0.0, 0.0, 0.0, 4.875, 6.9375, 2.4375, 4.53125, 2.265625, 2.578125, 3.4375, 5.5, 5.15625, 5.84375, 0.0, 16.171875, 9.234375, 6.796875, 2.265625, 0.0, 19.9375, 16.5, 11.0, 5.84375, 0.0], [1.0, 0.0, 0.0, 0.0, 0.0, 1.0, 0.0, 0.0, 0.0, 0.0, 20.38671875, 0.0, 0.0, 0.0, 0.0, 22.00390625, 0.0, 0.0, 0.0, 0.0, 4.71875, 6.734375, 2.359375, 4.3828125, 2.19140625, 2.51953125, 3.359375, 5.375, 5.0390625, 5.7109375, 0.0, 15.66796875, 8.93359375, 6.57421875, 2.19140625, 0.0, 19.484375, 16.125, 10.75, 5.7109375, 0.0], [1.0, 0.0, 0.0, 0.0, 0.0, 1.0, 0.0, 0.0, 0.0, 0.0, 20.2216796875, 0.0, 0.0, 0.0, 0.0, 21.8759765625, 0.0, 0.0, 0.0, 0.0, 4.6796875, 6.68359375, 2.33984375, 4.345703125, 2.1728515625, 2.5048828125, 3.33984375, 5.34375, 5.009765625, 5.677734375, 0.0, 15.5419921875, 8.8583984375, 6.5185546875, 2.1728515625, 0.0, 19.37109375, 16.03125, 10.6875, 5.677734375, 0.0], [1.0, 0.0, 0.0, 0.0, 0.0, 1.0, 0.0, 0.0, 0.0, 0.0, 20.180419921875, 0.0, 0.0, 0.0, 0.0, 21.843994140625, 0.0, 0.0, 0.0, 0.0, 4.669921875, 6.6708984375, 2.3349609375, 4.33642578125, 2.168212890625, 2.501220703125, 3.3349609375, 5.3359375, 5.00244140625, 5.66943359375, 0.0, 15.510498046875, 8.839599609375, 6.504638671875, 2.168212890625, 0.0, 19.3427734375, 16.0078125, 10.671875, 5.66943359375, 0.0], [1.0, 0.0, 0.0, 0.0, 0.0, 1.0, 0.0, 0.0, 0.0, 0.0, 20.17010498046875, 0.0, 0.0, 0.0, 0.0, 21.83599853515625, 0.0, 0.0, 0.0, 0.0, 4.66748046875, 6.667724609375, 2.333740234375, 4.3341064453125, 2.16705322265625, 2.50030517578125, 3.333740234375, 5.333984375, 5.0006103515625, 5.6673583984375, 0.0, 15.50262451171875, 8.83489990234375, 6.50115966796875, 2.16705322265625, 0.0, 19.335693359375, 16.001953125, 10.66796875, 5.6673583984375, 0.0], [1.0, 0.0, 0.0, 0.0, 0.0, 1.0, 0.0, 0.0, 0.0, 0.0, 20.167526245117188, 0.0, 0.0, 0.0, 0.0, 21.833999633789062, 0.0, 0.0, 0.0, 0.0, 4.6668701171875, 6.66693115234375, 2.33343505859375, 4.333526611328125, 2.1667633056640625, 2.5000762939453125, 3.33343505859375, 5.33349609375, 5.000152587890625, 5.666839599609375, 0.0, 15.500656127929688, 8.833724975585938, 6.5002899169921875, 2.1667633056640625, 0.0, 19.33392333984375, 16.00048828125, 10.6669921875, 5.666839599609375, 0.0]]]
numb_iter=15
numb_back=0
cpu_time=0.06536388397216797
max_iter=50

Potential results 
X_pot=[[1.0, 50.0, 6.666666666666666, 43.333333333333336, -0.0, 0.0, 8.666666666666666, 34.66666666666667, -0.0, 0.0, 3.333333333333333, 31.333333333333336, -0.0, 0.0, 6.333333333333334, 25.0, -0.0, 0.0, 3.166666666666667, 21.833333333333332, 0.0, 0.0, 2.5, 19.333333333333332, -0.0, 0.0, 3.333333333333333, 16.0, 0.0, 0.0, 5.333333333333334, 10.666666666666666, -0.0, 0.0, 5.0, 5.666666666666666, -0.0, 0.0, 5.666666666666666, 0], [1.0, 20.166666666666668, 4.666666666666667, 15.5, -0.0, 0.0, 6.666666666666667, 8.833333333333334, -0.0, 0.0, 2.3333333333333335, 6.5, 0.0, 0.0, 4.333333333333333, 2.1666666666666665, -0.0, 0.0, 2.1666666666666665, 0.0, 1.0, 21.833333333333332, 2.5, 19.333333333333332, 0.0, 0.0, 3.3333333333333335, 16.0, -0.0, 0.0, 5.333333333333333, 10.666666666666668, 0.0, 0.0, 5.0, 5.666666666666667, -0.0, 0.0, 5.666666666666667, 0]]
Profits_pot=[305.22222222222223, 198.55555555555557]
cpu_time_pot=0.0033371448516845703
SGM results CE 
ce=[[0. 0. 0. 0. 0. 0. 0. 0.]
 [0. 0. 0. 0. 0. 0. 0. 0.]
 [0. 0. 0. 0. 0. 0. 0. 0.]
 [0. 0. 0. 0. 0. 0. 0. 0.]
 [0. 0. 0. 0. 0. 0. 0. 0.]
 [0. 0. 0. 0. 0. 0. 0. 0.]
 [0. 0. 0. 0. 0. 0. 0. 0.]
 [0. 0. 0. 0. 0. 0. 0. 1.]]
Profits=[305.2123881801963, 198.57178442552686]
S=[[[1.0, -0.0, -0.0, -0.0, -0.0, 0.0, -0.0, -0.0, -0.0, -0.0, 71.0, 0.0, 0.0, 0.0, 0.0, 0.0, 0.0, 0.0, 0.0, 0.0, 9.0, 12.0, 4.5, 8.5, 4.25, 3.75, 5.0, 8.0, 7.5, 8.5, 0.0, 62.0, 50.0, 45.5, 37.0, 32.75, 29.0, 24.0, 16.0, 8.5, 0.0], [1.0, 0.0, 0.0, 0.0, 0.0, 0.0, 0.0, 0.0, 0.0, 0.0, 37.5, 0.0, 0.0, 0.0, 0.0, 0.0, 0.0, 0.0, 0.0, 0.0, 5.0, 6.5, 2.5, 4.75, 2.375, 1.875, 2.5, 4.0, 3.75, 4.25, 0.0, 32.5, 26.0, 23.5, 18.75, 16.375, 14.5, 12.0, 8.0, 4.25, 0.0], [1.0, -0.0, -0.0, -0.0, -0.0, 0.0, -0.0, -0.0, -0.0, -0.0, 46.875, 0.0, 0.0, 0.0, 0.0, 0.0, 0.0, 0.0, 0.0, 0.0, 6.25, 8.125, 3.125, 5.9375, 2.96875, 2.34375, 3.125, 5.0, 4.6875, 5.3125, 0.0, 40.625, 32.5, 29.375, 23.4375, 20.46875, 18.125, 15.0, 10.0, 5.3125, 0.0], [1.0, -0.0, -0.0, -0.0, -0.0, 0.0, -0.0, -0.0, -0.0, -0.0, 49.21875, 0.0, 0.0, 0.0, 0.0, 0.0, 0.0, 0.0, 0.0, 0.0, 6.5625, 8.53125, 3.28125, 6.234375, 3.1171875, 2.4609375, 3.28125, 5.25, 4.921875, 5.578125, 0.0, 42.65625, 34.125, 30.84375, 24.609375, 21.4921875, 19.03125, 15.75, 10.5, 5.578125, 0.0], [1.0, -0.0, -0.0, -0.0, -0.0, 0.0, -0.0, -0.0, -0.0, -0.0, 49.8046875, 0.0, 0.0, 0.0, 0.0, 0.0, 0.0, 0.0, 0.0, 0.0, 6.640625, 8.6328125, 3.3203125, 6.30859375, 3.154296875, 2.490234375, 3.3203125, 5.3125, 4.98046875, 5.64453125, 0.0, 43.1640625, 34.53125, 31.2109375, 24.90234375, 21.748046875, 19.2578125, 15.9375, 10.625, 5.64453125, 0.0], [1.0, -0.0, -0.0, -0.0, -0.0, 0.0, -0.0, -0.0, -0.0, -0.0, 49.951171875, 0.0, 0.0, 0.0, 0.0, 0.0, 0.0, 0.0, 0.0, 0.0, 6.66015625, 8.658203125, 3.330078125, 6.3271484375, 3.16357421875, 2.49755859375, 3.330078125, 5.328125, 4.9951171875, 5.6611328125, 0.0, 43.291015625, 34.6328125, 31.302734375, 24.9755859375, 21.81201171875, 19.314453125, 15.984375, 10.65625, 5.6611328125, 0.0], [1.0, -0.0, -0.0, -0.0, -0.0, 0.0, -0.0, -0.0, -0.0, -0.0, 49.98779296875, 0.0, 0.0, 0.0, 0.0, 0.0, 0.0, 0.0, 0.0, 0.0, 6.6650390625, 8.66455078125, 3.33251953125, 6.331787109375, 3.1658935546875, 2.4993896484375, 3.33251953125, 5.33203125, 4.998779296875, 5.665283203125, 0.0, 43.32275390625, 34.658203125, 31.32568359375, 24.993896484375, 21.8280029296875, 19.32861328125, 15.99609375, 10.6640625, 5.665283203125, 0.0], [1.0, -0.0, -0.0, -0.0, -0.0, 0.0, -0.0, -0.0, -0.0, -0.0, 49.9969482421875, 0.0, 0.0, 0.0, 0.0, 0.0, 0.0, 0.0, 0.0, 0.0, 6.666259765625, 8.6661376953125, 3.3331298828125, 6.33294677734375, 3.166473388671875, 2.499847412109375, 3.3331298828125, 5.3330078125, 4.99969482421875, 5.66632080078125, 0.0, 43.3306884765625, 34.66455078125, 31.3314208984375, 24.99847412109375, 21.832000732421875, 19.3321533203125, 15.9990234375, 10.666015625, 5.66632080078125, 0.0]], [[1.0, -0.0, -0.0, -0.0, -0.0, 1.0, 0.0, -0.0, -0.0, -0.0, 34.25, 0.0, 0.0, 0.0, 0.0, 32.75, 0.0, 0.0, 0.0, 0.0, 8.0, 11.0, 4.0, 7.5, 3.75, 3.75, 5.0, 8.0, 7.5, 8.5, 0.0, 26.25, 15.25, 11.25, 3.75, 0.0, 29.0, 24.0, 16.0, 8.5, 0.0], [1.0, 0.0, 0.0, 0.0, 0.0, 1.0, 0.0, 0.0, 0.0, 0.0, 23.6875, 0.0, 0.0, 0.0, 0.0, 24.5625, 0.0, 0.0, 0.0, 0.0, 5.5, 7.75, 2.75, 5.125, 2.5625, 2.8125, 3.75, 6.0, 5.625, 6.375, 0.0, 18.1875, 10.4375, 7.6875, 2.5625, 0.0, 21.75, 18.0, 12.0, 6.375, 0.0], [1.0, -0.0, -0.0, -0.0, -0.0, 1.0, 0.0, -0.0, -0.0, -0.0, 21.046875, 0.0, 0.0, 0.0, 0.0, 22.515625, 0.0, 0.0, 0.0, 0.0, 4.875, 6.9375, 2.4375, 4.53125, 2.265625, 2.578125, 3.4375, 5.5, 5.15625, 5.84375, 0.0, 16.171875, 9.234375, 6.796875, 2.265625, 0.0, 19.9375, 16.5, 11.0, 5.84375, 0.0], [1.0, -0.0, -0.0, -0.0, -0.0, 1.0, 0.0, -0.0, -0.0, -0.0, 20.38671875, 0.0, 0.0, 0.0, 0.0, 22.00390625, 0.0, 0.0, 0.0, 0.0, 4.71875, 6.734375, 2.359375, 4.3828125, 2.19140625, 2.51953125, 3.359375, 5.375, 5.0390625, 5.7109375, 0.0, 15.66796875, 8.93359375, 6.57421875, 2.19140625, 0.0, 19.484375, 16.125, 10.75, 5.7109375, 0.0], [1.0, -0.0, -0.0, -0.0, -0.0, 1.0, 0.0, -0.0, -0.0, -0.0, 20.2216796875, 0.0, 0.0, 0.0, 0.0, 21.8759765625, 0.0, 0.0, 0.0, 0.0, 4.6796875, 6.68359375, 2.33984375, 4.345703125, 2.1728515625, 2.5048828125, 3.33984375, 5.34375, 5.009765625, 5.677734375, 0.0, 15.5419921875, 8.8583984375, 6.5185546875, 2.1728515625, 0.0, 19.37109375, 16.03125, 10.6875, 5.677734375, 0.0], [1.0, -0.0, -0.0, -0.0, -0.0, 1.0, 0.0, -0.0, -0.0, -0.0, 20.180419921875, 0.0, 0.0, 0.0, 0.0, 21.843994140625, 0.0, 0.0, 0.0, 0.0, 4.669921875, 6.6708984375, 2.3349609375, 4.33642578125, 2.168212890625, 2.501220703125, 3.3349609375, 5.3359375, 5.00244140625, 5.66943359375, 0.0, 15.510498046875, 8.839599609375, 6.504638671875, 2.168212890625, 0.0, 19.3427734375, 16.0078125, 10.671875, 5.66943359375, 0.0], [1.0, -0.0, -0.0, -0.0, -0.0, 1.0, 0.0, -0.0, -0.0, -0.0, 20.17010498046875, 0.0, 0.0, 0.0, 0.0, 21.83599853515625, 0.0, 0.0, 0.0, 0.0, 4.66748046875, 6.667724609375, 2.333740234375, 4.3341064453125, 2.16705322265625, 2.50030517578125, 3.333740234375, 5.333984375, 5.0006103515625, 5.6673583984375, 0.0, 15.50262451171875, 8.83489990234375, 6.50115966796875, 2.16705322265625, 0.0, 19.335693359375, 16.001953125, 10.66796875, 5.6673583984375, 0.0], [1.0, -0.0, -0.0, -0.0, -0.0, 1.0, 0.0, -0.0, -0.0, -0.0, 20.167526245117188, 0.0, 0.0, 0.0, 0.0, 21.833999633789062, 0.0, 0.0, 0.0, 0.0, 4.6668701171875, 6.66693115234375, 2.33343505859375, 4.333526611328125, 2.1667633056640625, 2.5000762939453125, 3.33343505859375, 5.33349609375, 5.000152587890625, 5.666839599609375, 0.0, 15.500656127929688, 8.833724975585938, 6.5002899169921875, 2.1667633056640625, 0.0, 19.33392333984375, 16.00048828125, 10.6669921875, 5.666839599609375, 0.0]]]
numb_iter=15
cpu_time=0.3192780017852783
NE?=True
max_iter=1000

