m-SGM results 
ne=[0, 0, 0, 0, 0, 0, 0, 1.0, 0, 0, 0, 0, 0, 0, 0, 1.0]
Profits=[391.82082544919103, 322.8563948315568]
S=[[[1.0, -0.0, -0.0, -0.0, 0.0, -0.0, -0.0, -0.0, -0.0, -0.0, 80.75, 0.0, 0.0, 0.0, 0.0, 0.0, 0.0, 0.0, 0.0, 0.0, 11.5, 10.5, 5.75, 11.5, 4.5, 5.0, 10.5, 5.0, 12.0, 4.5, 0.0, 69.25, 58.75, 53.0, 41.5, 37.0, 32.0, 21.5, 16.5, 4.5, 0.0], [1.0, 0.0, 0.0, 0.0, 0.0, 0.0, 0.0, 0.0, 0.0, 0.0, 41.375, 0.0, 0.0, 0.0, 0.0, 0.0, 0.0, 0.0, 0.0, 0.0, 6.25, 5.75, 2.875, 5.75, 2.25, 2.5, 5.25, 2.5, 6.0, 2.25, 0.0, 35.125, 29.375, 26.5, 20.75, 18.5, 16.0, 10.75, 8.25, 2.25, 0.0], [1.0, 0.0, 0.0, 0.0, 0.0, 0.0, 0.0, 0.0, 0.0, 0.0, 51.71875, 0.0, 0.0, 0.0, 0.0, 0.0, 0.0, 0.0, 0.0, 0.0, 7.8125, 7.1875, 3.59375, 7.1875, 2.8125, 3.125, 6.5625, 3.125, 7.5, 2.8125, 0.0, 43.90625, 36.71875, 33.125, 25.9375, 23.125, 20.0, 13.4375, 10.3125, 2.8125, 0.0], [1.0, 0.0, 0.0, 0.0, 0.0, 0.0, 0.0, 0.0, 0.0, 0.0, 54.3046875, 0.0, 0.0, 0.0, 0.0, 0.0, 0.0, 0.0, 0.0, 0.0, 8.203125, 7.546875, 3.7734375, 7.546875, 2.953125, 3.28125, 6.890625, 3.28125, 7.875, 2.953125, 0.0, 46.1015625, 38.5546875, 34.78125, 27.234375, 24.28125, 21.0, 14.109375, 10.828125, 2.953125, 0.0], [1.0, 0.0, 0.0, 0.0, 0.0, 0.0, 0.0, 0.0, 0.0, 0.0, 54.951171875, 0.0, 0.0, 0.0, 0.0, 0.0, 0.0, 0.0, 0.0, 0.0, 8.30078125, 7.63671875, 3.818359375, 7.63671875, 2.98828125, 3.3203125, 6.97265625, 3.3203125, 7.96875, 2.98828125, 0.0, 46.650390625, 39.013671875, 35.1953125, 27.55859375, 24.5703125, 21.25, 14.27734375, 10.95703125, 2.98828125, 0.0], [1.0, 0.0, 0.0, 0.0, 0.0, 0.0, 0.0, 0.0, 0.0, 0.0, 55.11279296875, 0.0, 0.0, 0.0, 0.0, 0.0, 0.0, 0.0, 0.0, 0.0, 8.3251953125, 7.6591796875, 3.82958984375, 7.6591796875, 2.9970703125, 3.330078125, 6.9931640625, 3.330078125, 7.9921875, 2.9970703125, 0.0, 46.78759765625, 39.12841796875, 35.298828125, 27.6396484375, 24.642578125, 21.3125, 14.3193359375, 10.9892578125, 2.9970703125, 0.0], [1.0, 0.0, 0.0, 0.0, 0.0, 0.0, 0.0, 0.0, 0.0, 0.0, 55.1531982421875, 0.0, 0.0, 0.0, 0.0, 0.0, 0.0, 0.0, 0.0, 0.0, 8.331298828125, 7.664794921875, 3.8323974609375, 7.664794921875, 2.999267578125, 3.33251953125, 6.998291015625, 3.33251953125, 7.998046875, 2.999267578125, 0.0, 46.8218994140625, 39.1571044921875, 35.32470703125, 27.659912109375, 24.66064453125, 21.328125, 14.329833984375, 10.997314453125, 2.999267578125, 0.0], [1.0, 0.0, 0.0, 0.0, 0.0, 0.0, 0.0, 0.0, 0.0, 0.0, 55.163299560546875, 0.0, 0.0, 0.0, 0.0, 0.0, 0.0, 0.0, 0.0, 0.0, 8.33282470703125, 7.66619873046875, 3.833099365234375, 7.66619873046875, 2.99981689453125, 3.3331298828125, 6.99957275390625, 3.3331298828125, 7.99951171875, 2.99981689453125, 0.0, 46.830474853515625, 39.164276123046875, 35.3311767578125, 27.66497802734375, 24.6651611328125, 21.33203125, 14.33245849609375, 10.99932861328125, 2.99981689453125, 0.0]], [[1.0, -0.0, 1.0, -0.0, -0.0, 0.0, -0.0, -0.0, -0.0, 0.0, 20.0, 0.0, 58.75, 0.0, 0.0, 0.0, 0.0, 0.0, 0.0, 0.0, 10.5, 9.5, 5.75, 11.5, 4.5, 5.0, 10.5, 5.0, 12.0, 4.5, 0.0, 9.5, 0.0, 53.0, 41.5, 37.0, 32.0, 21.5, 16.5, 4.5, 0.0], [1.0, 0.0, 1.0, 0.0, 0.0, 0.0, 0.0, 0.0, 0.0, 0.0, 14.0, 0.0, 44.0625, 0.0, 0.0, 0.0, 0.0, 0.0, 0.0, 0.0, 7.375, 6.625, 4.3125, 8.625, 3.375, 3.75, 7.875, 3.75, 9.0, 3.375, 0.0, 6.625, 0.0, 39.75, 31.125, 27.75, 24.0, 16.125, 12.375, 3.375, 0.0], [1.0, 0.0, 1.0, 0.0, 0.0, 0.0, 0.0, 0.0, 0.0, 0.0, 12.5, 0.0, 40.390625, 0.0, 0.0, 0.0, 0.0, 0.0, 0.0, 0.0, 6.59375, 5.90625, 3.953125, 7.90625, 3.09375, 3.4375, 7.21875, 3.4375, 8.25, 3.09375, 0.0, 5.90625, 0.0, 36.4375, 28.53125, 25.4375, 22.0, 14.78125, 11.34375, 3.09375, 0.0], [1.0, 0.0, 1.0, 0.0, 0.0, 0.0, 0.0, 0.0, 0.0, 0.0, 12.125, 0.0, 39.47265625, 0.0, 0.0, 0.0, 0.0, 0.0, 0.0, 0.0, 6.3984375, 5.7265625, 3.86328125, 7.7265625, 3.0234375, 3.359375, 7.0546875, 3.359375, 8.0625, 3.0234375, 0.0, 5.7265625, 0.0, 35.609375, 27.8828125, 24.859375, 21.5, 14.4453125, 11.0859375, 3.0234375, 0.0], [1.0, 0.0, 1.0, 0.0, 0.0, 0.0, 0.0, 0.0, 0.0, 0.0, 12.03125, 0.0, 39.2431640625, 0.0, 0.0, 0.0, 0.0, 0.0, 0.0, 0.0, 6.349609375, 5.681640625, 3.8408203125, 7.681640625, 3.005859375, 3.33984375, 7.013671875, 3.33984375, 8.015625, 3.005859375, 0.0, 5.681640625, 0.0, 35.40234375, 27.720703125, 24.71484375, 21.375, 14.361328125, 11.021484375, 3.005859375, 0.0], [1.0, 0.0, 1.0, 0.0, 0.0, 0.0, 0.0, 0.0, 0.0, 0.0, 12.0078125, 0.0, 39.185791015625, 0.0, 0.0, 0.0, 0.0, 0.0, 0.0, 0.0, 6.33740234375, 5.67041015625, 3.835205078125, 7.67041015625, 3.00146484375, 3.3349609375, 7.00341796875, 3.3349609375, 8.00390625, 3.00146484375, 0.0, 5.67041015625, 0.0, 35.3505859375, 27.68017578125, 24.6787109375, 21.34375, 14.34033203125, 11.00537109375, 3.00146484375, 0.0], [1.0, 0.0, 1.0, 0.0, 0.0, 0.0, 0.0, 0.0, 0.0, 0.0, 12.001953125, 0.0, 39.17144775390625, 0.0, 0.0, 0.0, 0.0, 0.0, 0.0, 0.0, 6.3343505859375, 5.6676025390625, 3.83380126953125, 7.6676025390625, 3.0003662109375, 3.333740234375, 7.0008544921875, 3.333740234375, 8.0009765625, 3.0003662109375, 0.0, 5.6676025390625, 0.0, 35.337646484375, 27.6700439453125, 24.669677734375, 21.3359375, 14.3350830078125, 11.0013427734375, 3.0003662109375, 0.0], [1.0, 0.0, 1.0, 0.0, 0.0, 0.0, 0.0, 0.0, 0.0, 0.0, 12.00048828125, 0.0, 39.16786193847656, 0.0, 0.0, 0.0, 0.0, 0.0, 0.0, 0.0, 6.333587646484375, 5.666900634765625, 3.8334503173828125, 7.666900634765625, 3.000091552734375, 3.33343505859375, 7.000213623046875, 3.33343505859375, 8.000244140625, 3.000091552734375, 0.0, 5.666900634765625, 0.0, 35.33441162109375, 27.667510986328125, 24.66741943359375, 21.333984375, 14.333770751953125, 11.000335693359375, 3.000091552734375, 0.0]]]
numb_iter=15
numb_back=0
cpu_time=0.07027196884155273
max_iter=50

SGM results 
ne=[0, 0, 0, 0, 0, 0, 0, 1.0, 0, 0, 0, 0, 0, 0, 0, 1.0]
Profits=[391.82082544919103, 322.8563948315568]
S=[[[1.0, -0.0, -0.0, -0.0, 0.0, -0.0, -0.0, -0.0, -0.0, -0.0, 80.75, 0.0, 0.0, 0.0, 0.0, 0.0, 0.0, 0.0, 0.0, 0.0, 11.5, 10.5, 5.75, 11.5, 4.5, 5.0, 10.5, 5.0, 12.0, 4.5, 0.0, 69.25, 58.75, 53.0, 41.5, 37.0, 32.0, 21.5, 16.5, 4.5, 0.0], [1.0, 0.0, 0.0, 0.0, 0.0, 0.0, 0.0, 0.0, 0.0, 0.0, 41.375, 0.0, 0.0, 0.0, 0.0, 0.0, 0.0, 0.0, 0.0, 0.0, 6.25, 5.75, 2.875, 5.75, 2.25, 2.5, 5.25, 2.5, 6.0, 2.25, 0.0, 35.125, 29.375, 26.5, 20.75, 18.5, 16.0, 10.75, 8.25, 2.25, 0.0], [1.0, 0.0, 0.0, 0.0, 0.0, 0.0, 0.0, 0.0, 0.0, 0.0, 51.71875, 0.0, 0.0, 0.0, 0.0, 0.0, 0.0, 0.0, 0.0, 0.0, 7.8125, 7.1875, 3.59375, 7.1875, 2.8125, 3.125, 6.5625, 3.125, 7.5, 2.8125, 0.0, 43.90625, 36.71875, 33.125, 25.9375, 23.125, 20.0, 13.4375, 10.3125, 2.8125, 0.0], [1.0, 0.0, 0.0, 0.0, 0.0, 0.0, 0.0, 0.0, 0.0, 0.0, 54.3046875, 0.0, 0.0, 0.0, 0.0, 0.0, 0.0, 0.0, 0.0, 0.0, 8.203125, 7.546875, 3.7734375, 7.546875, 2.953125, 3.28125, 6.890625, 3.28125, 7.875, 2.953125, 0.0, 46.1015625, 38.5546875, 34.78125, 27.234375, 24.28125, 21.0, 14.109375, 10.828125, 2.953125, 0.0], [1.0, 0.0, 0.0, 0.0, 0.0, 0.0, 0.0, 0.0, 0.0, 0.0, 54.951171875, 0.0, 0.0, 0.0, 0.0, 0.0, 0.0, 0.0, 0.0, 0.0, 8.30078125, 7.63671875, 3.818359375, 7.63671875, 2.98828125, 3.3203125, 6.97265625, 3.3203125, 7.96875, 2.98828125, 0.0, 46.650390625, 39.013671875, 35.1953125, 27.55859375, 24.5703125, 21.25, 14.27734375, 10.95703125, 2.98828125, 0.0], [1.0, 0.0, 0.0, 0.0, 0.0, 0.0, 0.0, 0.0, 0.0, 0.0, 55.11279296875, 0.0, 0.0, 0.0, 0.0, 0.0, 0.0, 0.0, 0.0, 0.0, 8.3251953125, 7.6591796875, 3.82958984375, 7.6591796875, 2.9970703125, 3.330078125, 6.9931640625, 3.330078125, 7.9921875, 2.9970703125, 0.0, 46.78759765625, 39.12841796875, 35.298828125, 27.6396484375, 24.642578125, 21.3125, 14.3193359375, 10.9892578125, 2.9970703125, 0.0], [1.0, 0.0, 0.0, 0.0, 0.0, 0.0, 0.0, 0.0, 0.0, 0.0, 55.1531982421875, 0.0, 0.0, 0.0, 0.0, 0.0, 0.0, 0.0, 0.0, 0.0, 8.331298828125, 7.664794921875, 3.8323974609375, 7.664794921875, 2.999267578125, 3.33251953125, 6.998291015625, 3.33251953125, 7.998046875, 2.999267578125, 0.0, 46.8218994140625, 39.1571044921875, 35.32470703125, 27.659912109375, 24.66064453125, 21.328125, 14.329833984375, 10.997314453125, 2.999267578125, 0.0], [1.0, 0.0, 0.0, 0.0, 0.0, 0.0, 0.0, 0.0, 0.0, 0.0, 55.163299560546875, 0.0, 0.0, 0.0, 0.0, 0.0, 0.0, 0.0, 0.0, 0.0, 8.33282470703125, 7.66619873046875, 3.833099365234375, 7.66619873046875, 2.99981689453125, 3.3331298828125, 6.99957275390625, 3.3331298828125, 7.99951171875, 2.99981689453125, 0.0, 46.830474853515625, 39.164276123046875, 35.3311767578125, 27.66497802734375, 24.6651611328125, 21.33203125, 14.33245849609375, 10.99932861328125, 2.99981689453125, 0.0]], [[1.0, -0.0, 1.0, -0.0, -0.0, 0.0, -0.0, -0.0, -0.0, 0.0, 20.0, 0.0, 58.75, 0.0, 0.0, 0.0, 0.0, 0.0, 0.0, 0.0, 10.5, 9.5, 5.75, 11.5, 4.5, 5.0, 10.5, 5.0, 12.0, 4.5, 0.0, 9.5, 0.0, 53.0, 41.5, 37.0, 32.0, 21.5, 16.5, 4.5, 0.0], [1.0, 0.0, 1.0, 0.0, 0.0, 0.0, 0.0, 0.0, 0.0, 0.0, 14.0, 0.0, 44.0625, 0.0, 0.0, 0.0, 0.0, 0.0, 0.0, 0.0, 7.375, 6.625, 4.3125, 8.625, 3.375, 3.75, 7.875, 3.75, 9.0, 3.375, 0.0, 6.625, 0.0, 39.75, 31.125, 27.75, 24.0, 16.125, 12.375, 3.375, 0.0], [1.0, 0.0, 1.0, 0.0, 0.0, 0.0, 0.0, 0.0, 0.0, 0.0, 12.5, 0.0, 40.390625, 0.0, 0.0, 0.0, 0.0, 0.0, 0.0, 0.0, 6.59375, 5.90625, 3.953125, 7.90625, 3.09375, 3.4375, 7.21875, 3.4375, 8.25, 3.09375, 0.0, 5.90625, 0.0, 36.4375, 28.53125, 25.4375, 22.0, 14.78125, 11.34375, 3.09375, 0.0], [1.0, 0.0, 1.0, 0.0, 0.0, 0.0, 0.0, 0.0, 0.0, 0.0, 12.125, 0.0, 39.47265625, 0.0, 0.0, 0.0, 0.0, 0.0, 0.0, 0.0, 6.3984375, 5.7265625, 3.86328125, 7.7265625, 3.0234375, 3.359375, 7.0546875, 3.359375, 8.0625, 3.0234375, 0.0, 5.7265625, 0.0, 35.609375, 27.8828125, 24.859375, 21.5, 14.4453125, 11.0859375, 3.0234375, 0.0], [1.0, 0.0, 1.0, 0.0, 0.0, 0.0, 0.0, 0.0, 0.0, 0.0, 12.03125, 0.0, 39.2431640625, 0.0, 0.0, 0.0, 0.0, 0.0, 0.0, 0.0, 6.349609375, 5.681640625, 3.8408203125, 7.681640625, 3.005859375, 3.33984375, 7.013671875, 3.33984375, 8.015625, 3.005859375, 0.0, 5.681640625, 0.0, 35.40234375, 27.720703125, 24.71484375, 21.375, 14.361328125, 11.021484375, 3.005859375, 0.0], [1.0, 0.0, 1.0, 0.0, 0.0, 0.0, 0.0, 0.0, 0.0, 0.0, 12.0078125, 0.0, 39.185791015625, 0.0, 0.0, 0.0, 0.0, 0.0, 0.0, 0.0, 6.33740234375, 5.67041015625, 3.835205078125, 7.67041015625, 3.00146484375, 3.3349609375, 7.00341796875, 3.3349609375, 8.00390625, 3.00146484375, 0.0, 5.67041015625, 0.0, 35.3505859375, 27.68017578125, 24.6787109375, 21.34375, 14.34033203125, 11.00537109375, 3.00146484375, 0.0], [1.0, 0.0, 1.0, 0.0, 0.0, 0.0, 0.0, 0.0, 0.0, 0.0, 12.001953125, 0.0, 39.17144775390625, 0.0, 0.0, 0.0, 0.0, 0.0, 0.0, 0.0, 6.3343505859375, 5.6676025390625, 3.83380126953125, 7.6676025390625, 3.0003662109375, 3.333740234375, 7.0008544921875, 3.333740234375, 8.0009765625, 3.0003662109375, 0.0, 5.6676025390625, 0.0, 35.337646484375, 27.6700439453125, 24.669677734375, 21.3359375, 14.3350830078125, 11.0013427734375, 3.0003662109375, 0.0], [1.0, 0.0, 1.0, 0.0, 0.0, 0.0, 0.0, 0.0, 0.0, 0.0, 12.00048828125, 0.0, 39.16786193847656, 0.0, 0.0, 0.0, 0.0, 0.0, 0.0, 0.0, 6.333587646484375, 5.666900634765625, 3.8334503173828125, 7.666900634765625, 3.000091552734375, 3.33343505859375, 7.000213623046875, 3.33343505859375, 8.000244140625, 3.000091552734375, 0.0, 5.666900634765625, 0.0, 35.33441162109375, 27.667510986328125, 24.66741943359375, 21.333984375, 14.333770751953125, 11.000335693359375, 3.000091552734375, 0.0]]]
numb_iter=15
numb_back=0
cpu_time=0.059884071350097656
max_iter=50

Potential results 
X_pot=[[1.0, 55.166666666666664, 8.333333333333334, 46.83333333333333, -0.0, 0.0, 7.666666666666666, 39.166666666666664, -0.0, 0.0, 3.833333333333333, 35.33333333333333, -0.0, 0.0, 7.666666666666666, 27.666666666666664, 0.0, 0.0, 3.0, 24.666666666666664, -0.0, 0.0, 3.333333333333333, 21.333333333333332, -0.0, 0.0, 7.0, 14.333333333333332, -0.0, 0.0, 3.333333333333333, 11.0, -0.0, 0.0, 8.0, 3.0, -0.0, 0.0, 3.0, 0], [1.0, 12.0, 6.333333333333333, 5.666666666666667, -0.0, 0.0, 5.666666666666667, 0.0, 1.0, 39.16666666666667, 3.8333333333333335, 35.333333333333336, -0.0, 0.0, 7.666666666666667, 27.666666666666668, -0.0, 0.0, 3.0, 24.666666666666668, 0.0, 0.0, 3.3333333333333335, 21.333333333333336, -0.0, 0.0, 7.0, 14.333333333333334, -0.0, 0.0, 3.3333333333333335, 11.0, -0.0, 0.0, 8.0, 3.0, 0.0, 0.0, 3.0, 0]]
Profits_pot=[391.83333333333337, 322.8333333333333]
cpu_time_pot=0.0034689903259277344
SGM results CE 
ce=[[0. 0. 0. 0. 0. 0. 0. 0.]
 [0. 0. 0. 0. 0. 0. 0. 0.]
 [0. 0. 0. 0. 0. 0. 0. 0.]
 [0. 0. 0. 0. 0. 0. 0. 0.]
 [0. 0. 0. 0. 0. 0. 0. 0.]
 [0. 0. 0. 0. 0. 0. 0. 0.]
 [0. 0. 0. 0. 0. 0. 0. 0.]
 [0. 0. 0. 0. 0. 0. 0. 1.]]
Profits=[391.82082544919103, 322.8563948315568]
S=[[[1.0, -0.0, -0.0, -0.0, 0.0, -0.0, -0.0, -0.0, -0.0, -0.0, 80.75, 0.0, 0.0, 0.0, 0.0, 0.0, 0.0, 0.0, 0.0, 0.0, 11.5, 10.5, 5.75, 11.5, 4.5, 5.0, 10.5, 5.0, 12.0, 4.5, 0.0, 69.25, 58.75, 53.0, 41.5, 37.0, 32.0, 21.5, 16.5, 4.5, 0.0], [1.0, 0.0, 0.0, 0.0, 0.0, 0.0, 0.0, 0.0, 0.0, 0.0, 41.375, 0.0, 0.0, 0.0, 0.0, 0.0, 0.0, 0.0, 0.0, 0.0, 6.25, 5.75, 2.875, 5.75, 2.25, 2.5, 5.25, 2.5, 6.0, 2.25, 0.0, 35.125, 29.375, 26.5, 20.75, 18.5, 16.0, 10.75, 8.25, 2.25, 0.0], [1.0, -0.0, -0.0, -0.0, 0.0, -0.0, -0.0, -0.0, -0.0, -0.0, 51.71875, 0.0, 0.0, 0.0, 0.0, 0.0, 0.0, 0.0, 0.0, 0.0, 7.8125, 7.1875, 3.59375, 7.1875, 2.8125, 3.125, 6.5625, 3.125, 7.5, 2.8125, 0.0, 43.90625, 36.71875, 33.125, 25.9375, 23.125, 20.0, 13.4375, 10.3125, 2.8125, 0.0], [1.0, -0.0, -0.0, -0.0, 0.0, -0.0, -0.0, -0.0, -0.0, -0.0, 54.3046875, 0.0, 0.0, 0.0, 0.0, 0.0, 0.0, 0.0, 0.0, 0.0, 8.203125, 7.546875, 3.7734375, 7.546875, 2.953125, 3.28125, 6.890625, 3.28125, 7.875, 2.953125, 0.0, 46.1015625, 38.5546875, 34.78125, 27.234375, 24.28125, 21.0, 14.109375, 10.828125, 2.953125, 0.0], [1.0, -0.0, -0.0, -0.0, 0.0, -0.0, -0.0, -0.0, -0.0, -0.0, 54.951171875, 0.0, 0.0, 0.0, 0.0, 0.0, 0.0, 0.0, 0.0, 0.0, 8.30078125, 7.63671875, 3.818359375, 7.63671875, 2.98828125, 3.3203125, 6.97265625, 3.3203125, 7.96875, 2.98828125, 0.0, 46.650390625, 39.013671875, 35.1953125, 27.55859375, 24.5703125, 21.25, 14.27734375, 10.95703125, 2.98828125, 0.0], [1.0, -0.0, -0.0, -0.0, 0.0, -0.0, -0.0, -0.0, -0.0, -0.0, 55.11279296875, 0.0, 0.0, 0.0, 0.0, 0.0, 0.0, 0.0, 0.0, 0.0, 8.3251953125, 7.6591796875, 3.82958984375, 7.6591796875, 2.9970703125, 3.330078125, 6.9931640625, 3.330078125, 7.9921875, 2.9970703125, 0.0, 46.78759765625, 39.12841796875, 35.298828125, 27.6396484375, 24.642578125, 21.3125, 14.3193359375, 10.9892578125, 2.9970703125, 0.0], [1.0, -0.0, -0.0, -0.0, 0.0, -0.0, -0.0, -0.0, -0.0, -0.0, 55.1531982421875, 0.0, 0.0, 0.0, 0.0, 0.0, 0.0, 0.0, 0.0, 0.0, 8.331298828125, 7.664794921875, 3.8323974609375, 7.664794921875, 2.999267578125, 3.33251953125, 6.998291015625, 3.33251953125, 7.998046875, 2.999267578125, 0.0, 46.8218994140625, 39.1571044921875, 35.32470703125, 27.659912109375, 24.66064453125, 21.328125, 14.329833984375, 10.997314453125, 2.999267578125, 0.0], [1.0, -0.0, -0.0, -0.0, 0.0, -0.0, -0.0, -0.0, -0.0, -0.0, 55.163299560546875, 0.0, 0.0, 0.0, 0.0, 0.0, 0.0, 0.0, 0.0, 0.0, 8.33282470703125, 7.66619873046875, 3.833099365234375, 7.66619873046875, 2.99981689453125, 3.3331298828125, 6.99957275390625, 3.3331298828125, 7.99951171875, 2.99981689453125, 0.0, 46.830474853515625, 39.164276123046875, 35.3311767578125, 27.66497802734375, 24.6651611328125, 21.33203125, 14.33245849609375, 10.99932861328125, 2.99981689453125, 0.0]], [[1.0, -0.0, 1.0, -0.0, -0.0, 0.0, -0.0, -0.0, -0.0, 0.0, 20.0, 0.0, 58.75, 0.0, 0.0, 0.0, 0.0, 0.0, 0.0, 0.0, 10.5, 9.5, 5.75, 11.5, 4.5, 5.0, 10.5, 5.0, 12.0, 4.5, 0.0, 9.5, 0.0, 53.0, 41.5, 37.0, 32.0, 21.5, 16.5, 4.5, 0.0], [1.0, 0.0, 1.0, 0.0, 0.0, 0.0, 0.0, 0.0, 0.0, 0.0, 14.0, 0.0, 44.0625, 0.0, 0.0, 0.0, 0.0, 0.0, 0.0, 0.0, 7.375, 6.625, 4.3125, 8.625, 3.375, 3.75, 7.875, 3.75, 9.0, 3.375, 0.0, 6.625, 0.0, 39.75, 31.125, 27.75, 24.0, 16.125, 12.375, 3.375, 0.0], [1.0, -0.0, 1.0, -0.0, -0.0, 0.0, -0.0, -0.0, -0.0, 0.0, 12.5, 0.0, 40.390625, 0.0, 0.0, 0.0, 0.0, 0.0, 0.0, 0.0, 6.59375, 5.90625, 3.953125, 7.90625, 3.09375, 3.4375, 7.21875, 3.4375, 8.25, 3.09375, 0.0, 5.90625, 0.0, 36.4375, 28.53125, 25.4375, 22.0, 14.78125, 11.34375, 3.09375, 0.0], [1.0, -0.0, 1.0, -0.0, -0.0, 0.0, -0.0, -0.0, -0.0, 0.0, 12.125, 0.0, 39.47265625, 0.0, 0.0, 0.0, 0.0, 0.0, 0.0, 0.0, 6.3984375, 5.7265625, 3.86328125, 7.7265625, 3.0234375, 3.359375, 7.0546875, 3.359375, 8.0625, 3.0234375, 0.0, 5.7265625, 0.0, 35.609375, 27.8828125, 24.859375, 21.5, 14.4453125, 11.0859375, 3.0234375, 0.0], [1.0, -0.0, 1.0, -0.0, -0.0, 0.0, -0.0, -0.0, -0.0, 0.0, 12.03125, 0.0, 39.2431640625, 0.0, 0.0, 0.0, 0.0, 0.0, 0.0, 0.0, 6.349609375, 5.681640625, 3.8408203125, 7.681640625, 3.005859375, 3.33984375, 7.013671875, 3.33984375, 8.015625, 3.005859375, 0.0, 5.681640625, 0.0, 35.40234375, 27.720703125, 24.71484375, 21.375, 14.361328125, 11.021484375, 3.005859375, 0.0], [1.0, -0.0, 1.0, -0.0, -0.0, 0.0, -0.0, -0.0, -0.0, 0.0, 12.0078125, 0.0, 39.185791015625, 0.0, 0.0, 0.0, 0.0, 0.0, 0.0, 0.0, 6.33740234375, 5.67041015625, 3.835205078125, 7.67041015625, 3.00146484375, 3.3349609375, 7.00341796875, 3.3349609375, 8.00390625, 3.00146484375, 0.0, 5.67041015625, 0.0, 35.3505859375, 27.68017578125, 24.6787109375, 21.34375, 14.34033203125, 11.00537109375, 3.00146484375, 0.0], [1.0, -0.0, 1.0, -0.0, -0.0, 0.0, -0.0, -0.0, -0.0, 0.0, 12.001953125, 0.0, 39.17144775390625, 0.0, 0.0, 0.0, 0.0, 0.0, 0.0, 0.0, 6.3343505859375, 5.6676025390625, 3.83380126953125, 7.6676025390625, 3.0003662109375, 3.333740234375, 7.0008544921875, 3.333740234375, 8.0009765625, 3.0003662109375, 0.0, 5.6676025390625, 0.0, 35.337646484375, 27.6700439453125, 24.669677734375, 21.3359375, 14.3350830078125, 11.0013427734375, 3.0003662109375, 0.0], [1.0, -0.0, 1.0, -0.0, -0.0, 0.0, -0.0, -0.0, -0.0, 0.0, 12.00048828125, 0.0, 39.16786193847656, 0.0, 0.0, 0.0, 0.0, 0.0, 0.0, 0.0, 6.333587646484375, 5.666900634765625, 3.8334503173828125, 7.666900634765625, 3.000091552734375, 3.33343505859375, 7.000213623046875, 3.33343505859375, 8.000244140625, 3.000091552734375, 0.0, 5.666900634765625, 0.0, 35.33441162109375, 27.667510986328125, 24.66741943359375, 21.333984375, 14.333770751953125, 11.000335693359375, 3.000091552734375, 0.0]]]
numb_iter=15
cpu_time=0.33252668380737305
NE?=True
max_iter=1000

