m-SGM results 
ne=[0, 0, 0, 0, 0, 0, 0, 1.0, 0, 0, 0, 0, 0, 0, 0, 1.0]
Profits=[408.820428696461, 407.85914142569527]
S=[[[1.0, -0.0, -0.0, -0.0, -0.0, -0.0, -0.0, -0.0, -0.0, 0.0, 91.75, 0.0, 0.0, 0.0, 0.0, 0.0, 0.0, 0.0, 0.0, 0.0, 9.5, 11.5, 11.0, 11.0, 10.5, 5.0, 7.5, 9.5, 12.0, 4.25, 0.0, 82.25, 70.75, 59.75, 48.75, 38.25, 33.25, 25.75, 16.25, 4.25, 0.0], [1.0, 0.0, 0.0, 0.0, 0.0, 0.0, 0.0, 0.0, 0.0, 0.0, 45.875, 0.0, 0.0, 0.0, 0.0, 0.0, 0.0, 0.0, 0.0, 0.0, 4.75, 5.75, 5.5, 5.5, 5.25, 2.5, 3.75, 4.75, 6.0, 2.125, 0.0, 41.125, 35.375, 29.875, 24.375, 19.125, 16.625, 12.875, 8.125, 2.125, 0.0], [1.0, 0.0, 0.0, 0.0, 0.0, 0.0, 0.0, 0.0, 0.0, 0.0, 57.34375, 0.0, 0.0, 0.0, 0.0, 0.0, 0.0, 0.0, 0.0, 0.0, 5.9375, 7.1875, 6.875, 6.875, 6.5625, 3.125, 4.6875, 5.9375, 7.5, 2.65625, 0.0, 51.40625, 44.21875, 37.34375, 30.46875, 23.90625, 20.78125, 16.09375, 10.15625, 2.65625, 0.0], [1.0, 0.0, 0.0, 0.0, 0.0, 0.0, 0.0, 0.0, 0.0, 0.0, 60.2109375, 0.0, 0.0, 0.0, 0.0, 0.0, 0.0, 0.0, 0.0, 0.0, 6.234375, 7.546875, 7.21875, 7.21875, 6.890625, 3.28125, 4.921875, 6.234375, 7.875, 2.7890625, 0.0, 53.9765625, 46.4296875, 39.2109375, 31.9921875, 25.1015625, 21.8203125, 16.8984375, 10.6640625, 2.7890625, 0.0], [1.0, 0.0, 0.0, 0.0, 0.0, 0.0, 0.0, 0.0, 0.0, 0.0, 60.927734375, 0.0, 0.0, 0.0, 0.0, 0.0, 0.0, 0.0, 0.0, 0.0, 6.30859375, 7.63671875, 7.3046875, 7.3046875, 6.97265625, 3.3203125, 4.98046875, 6.30859375, 7.96875, 2.822265625, 0.0, 54.619140625, 46.982421875, 39.677734375, 32.373046875, 25.400390625, 22.080078125, 17.099609375, 10.791015625, 2.822265625, 0.0], [1.0, 0.0, 0.0, 0.0, 0.0, 0.0, 0.0, 0.0, 0.0, 0.0, 61.10693359375, 0.0, 0.0, 0.0, 0.0, 0.0, 0.0, 0.0, 0.0, 0.0, 6.3271484375, 7.6591796875, 7.326171875, 7.326171875, 6.9931640625, 3.330078125, 4.9951171875, 6.3271484375, 7.9921875, 2.83056640625, 0.0, 54.77978515625, 47.12060546875, 39.79443359375, 32.46826171875, 25.47509765625, 22.14501953125, 17.14990234375, 10.82275390625, 2.83056640625, 0.0], [1.0, 0.0, 0.0, 0.0, 0.0, 0.0, 0.0, 0.0, 0.0, 0.0, 61.1517333984375, 0.0, 0.0, 0.0, 0.0, 0.0, 0.0, 0.0, 0.0, 0.0, 6.331787109375, 7.664794921875, 7.33154296875, 7.33154296875, 6.998291015625, 3.33251953125, 4.998779296875, 6.331787109375, 7.998046875, 2.8326416015625, 0.0, 54.8199462890625, 47.1551513671875, 39.8236083984375, 32.4920654296875, 25.4937744140625, 22.1612548828125, 17.1624755859375, 10.8306884765625, 2.8326416015625, 0.0], [1.0, 0.0, 0.0, 0.0, 0.0, 0.0, 0.0, 0.0, 0.0, 0.0, 61.162933349609375, 0.0, 0.0, 0.0, 0.0, 0.0, 0.0, 0.0, 0.0, 0.0, 6.33294677734375, 7.66619873046875, 7.3328857421875, 7.3328857421875, 6.99957275390625, 3.3331298828125, 4.99969482421875, 6.33294677734375, 7.99951171875, 2.833160400390625, 0.0, 54.829986572265625, 47.163787841796875, 39.830902099609375, 32.498016357421875, 25.498443603515625, 22.165313720703125, 17.165618896484375, 10.832672119140625, 2.833160400390625, 0.0]], [[1.0, -0.0, -0.0, -0.0, -0.0, -0.0, -0.0, -0.0, -0.0, -0.0, 91.75, 0.0, 0.0, 0.0, 0.0, 0.0, 0.0, 0.0, 0.0, 0.0, 9.5, 11.5, 11.0, 11.0, 10.5, 5.0, 7.5, 9.5, 12.0, 4.25, 0.0, 82.25, 70.75, 59.75, 48.75, 38.25, 33.25, 25.75, 16.25, 4.25, 0.0], [1.0, 0.0, 0.0, 0.0, 0.0, 0.0, 0.0, 0.0, 0.0, 0.0, 68.8125, 0.0, 0.0, 0.0, 0.0, 0.0, 0.0, 0.0, 0.0, 0.0, 7.125, 8.625, 8.25, 8.25, 7.875, 3.75, 5.625, 7.125, 9.0, 3.1875, 0.0, 61.6875, 53.0625, 44.8125, 36.5625, 28.6875, 24.9375, 19.3125, 12.1875, 3.1875, 0.0], [1.0, 0.0, 0.0, 0.0, 0.0, 0.0, 0.0, 0.0, 0.0, 0.0, 63.078125, 0.0, 0.0, 0.0, 0.0, 0.0, 0.0, 0.0, 0.0, 0.0, 6.53125, 7.90625, 7.5625, 7.5625, 7.21875, 3.4375, 5.15625, 6.53125, 8.25, 2.921875, 0.0, 56.546875, 48.640625, 41.078125, 33.515625, 26.296875, 22.859375, 17.703125, 11.171875, 2.921875, 0.0], [1.0, 0.0, 0.0, 0.0, 0.0, 0.0, 0.0, 0.0, 0.0, 0.0, 61.64453125, 0.0, 0.0, 0.0, 0.0, 0.0, 0.0, 0.0, 0.0, 0.0, 6.3828125, 7.7265625, 7.390625, 7.390625, 7.0546875, 3.359375, 5.0390625, 6.3828125, 8.0625, 2.85546875, 0.0, 55.26171875, 47.53515625, 40.14453125, 32.75390625, 25.69921875, 22.33984375, 17.30078125, 10.91796875, 2.85546875, 0.0], [1.0, 0.0, 0.0, 0.0, 0.0, 0.0, 0.0, 0.0, 0.0, 0.0, 61.2861328125, 0.0, 0.0, 0.0, 0.0, 0.0, 0.0, 0.0, 0.0, 0.0, 6.345703125, 7.681640625, 7.34765625, 7.34765625, 7.013671875, 3.33984375, 5.009765625, 6.345703125, 8.015625, 2.8388671875, 0.0, 54.9404296875, 47.2587890625, 39.9111328125, 32.5634765625, 25.5498046875, 22.2099609375, 17.2001953125, 10.8544921875, 2.8388671875, 0.0], [1.0, 0.0, 0.0, 0.0, 0.0, 0.0, 0.0, 0.0, 0.0, 0.0, 61.196533203125, 0.0, 0.0, 0.0, 0.0, 0.0, 0.0, 0.0, 0.0, 0.0, 6.33642578125, 7.67041015625, 7.3369140625, 7.3369140625, 7.00341796875, 3.3349609375, 5.00244140625, 6.33642578125, 8.00390625, 2.834716796875, 0.0, 54.860107421875, 47.189697265625, 39.852783203125, 32.515869140625, 25.512451171875, 22.177490234375, 17.175048828125, 10.838623046875, 2.834716796875, 0.0], [1.0, 0.0, 0.0, 0.0, 0.0, 0.0, 0.0, 0.0, 0.0, 0.0, 61.17413330078125, 0.0, 0.0, 0.0, 0.0, 0.0, 0.0, 0.0, 0.0, 0.0, 6.3341064453125, 7.6676025390625, 7.334228515625, 7.334228515625, 7.0008544921875, 3.333740234375, 5.0006103515625, 6.3341064453125, 8.0009765625, 2.83367919921875, 0.0, 54.84002685546875, 47.17242431640625, 39.83819580078125, 32.50396728515625, 25.50311279296875, 22.16937255859375, 17.16876220703125, 10.83465576171875, 2.83367919921875, 0.0], [1.0, 0.0, 0.0, 0.0, 0.0, 0.0, 0.0, 0.0, 0.0, 0.0, 61.16853332519531, 0.0, 0.0, 0.0, 0.0, 0.0, 0.0, 0.0, 0.0, 0.0, 6.333526611328125, 7.666900634765625, 7.33355712890625, 7.33355712890625, 7.000213623046875, 3.33343505859375, 5.000152587890625, 6.333526611328125, 8.000244140625, 2.8334197998046875, 0.0, 54.83500671386719, 47.16810607910156, 39.83454895019531, 32.50099182128906, 25.500778198242188, 22.167343139648438, 17.167190551757812, 10.833663940429688, 2.8334197998046875, 0.0]]]
numb_iter=15
numb_back=0
cpu_time=0.061196327209472656
max_iter=50

SGM results 
ne=[0, 0, 0, 0, 0, 0, 0, 1.0, 0, 0, 0, 0, 0, 0, 0, 1.0]
Profits=[408.820428696461, 407.85914142569527]
S=[[[1.0, -0.0, -0.0, -0.0, -0.0, -0.0, -0.0, -0.0, -0.0, 0.0, 91.75, 0.0, 0.0, 0.0, 0.0, 0.0, 0.0, 0.0, 0.0, 0.0, 9.5, 11.5, 11.0, 11.0, 10.5, 5.0, 7.5, 9.5, 12.0, 4.25, 0.0, 82.25, 70.75, 59.75, 48.75, 38.25, 33.25, 25.75, 16.25, 4.25, 0.0], [1.0, 0.0, 0.0, 0.0, 0.0, 0.0, 0.0, 0.0, 0.0, 0.0, 45.875, 0.0, 0.0, 0.0, 0.0, 0.0, 0.0, 0.0, 0.0, 0.0, 4.75, 5.75, 5.5, 5.5, 5.25, 2.5, 3.75, 4.75, 6.0, 2.125, 0.0, 41.125, 35.375, 29.875, 24.375, 19.125, 16.625, 12.875, 8.125, 2.125, 0.0], [1.0, 0.0, 0.0, 0.0, 0.0, 0.0, 0.0, 0.0, 0.0, 0.0, 57.34375, 0.0, 0.0, 0.0, 0.0, 0.0, 0.0, 0.0, 0.0, 0.0, 5.9375, 7.1875, 6.875, 6.875, 6.5625, 3.125, 4.6875, 5.9375, 7.5, 2.65625, 0.0, 51.40625, 44.21875, 37.34375, 30.46875, 23.90625, 20.78125, 16.09375, 10.15625, 2.65625, 0.0], [1.0, 0.0, 0.0, 0.0, 0.0, 0.0, 0.0, 0.0, 0.0, 0.0, 60.2109375, 0.0, 0.0, 0.0, 0.0, 0.0, 0.0, 0.0, 0.0, 0.0, 6.234375, 7.546875, 7.21875, 7.21875, 6.890625, 3.28125, 4.921875, 6.234375, 7.875, 2.7890625, 0.0, 53.9765625, 46.4296875, 39.2109375, 31.9921875, 25.1015625, 21.8203125, 16.8984375, 10.6640625, 2.7890625, 0.0], [1.0, 0.0, 0.0, 0.0, 0.0, 0.0, 0.0, 0.0, 0.0, 0.0, 60.927734375, 0.0, 0.0, 0.0, 0.0, 0.0, 0.0, 0.0, 0.0, 0.0, 6.30859375, 7.63671875, 7.3046875, 7.3046875, 6.97265625, 3.3203125, 4.98046875, 6.30859375, 7.96875, 2.822265625, 0.0, 54.619140625, 46.982421875, 39.677734375, 32.373046875, 25.400390625, 22.080078125, 17.099609375, 10.791015625, 2.822265625, 0.0], [1.0, 0.0, 0.0, 0.0, 0.0, 0.0, 0.0, 0.0, 0.0, 0.0, 61.10693359375, 0.0, 0.0, 0.0, 0.0, 0.0, 0.0, 0.0, 0.0, 0.0, 6.3271484375, 7.6591796875, 7.326171875, 7.326171875, 6.9931640625, 3.330078125, 4.9951171875, 6.3271484375, 7.9921875, 2.83056640625, 0.0, 54.77978515625, 47.12060546875, 39.79443359375, 32.46826171875, 25.47509765625, 22.14501953125, 17.14990234375, 10.82275390625, 2.83056640625, 0.0], [1.0, 0.0, 0.0, 0.0, 0.0, 0.0, 0.0, 0.0, 0.0, 0.0, 61.1517333984375, 0.0, 0.0, 0.0, 0.0, 0.0, 0.0, 0.0, 0.0, 0.0, 6.331787109375, 7.664794921875, 7.33154296875, 7.33154296875, 6.998291015625, 3.33251953125, 4.998779296875, 6.331787109375, 7.998046875, 2.8326416015625, 0.0, 54.8199462890625, 47.1551513671875, 39.8236083984375, 32.4920654296875, 25.4937744140625, 22.1612548828125, 17.1624755859375, 10.8306884765625, 2.8326416015625, 0.0], [1.0, 0.0, 0.0, 0.0, 0.0, 0.0, 0.0, 0.0, 0.0, 0.0, 61.162933349609375, 0.0, 0.0, 0.0, 0.0, 0.0, 0.0, 0.0, 0.0, 0.0, 6.33294677734375, 7.66619873046875, 7.3328857421875, 7.3328857421875, 6.99957275390625, 3.3331298828125, 4.99969482421875, 6.33294677734375, 7.99951171875, 2.833160400390625, 0.0, 54.829986572265625, 47.163787841796875, 39.830902099609375, 32.498016357421875, 25.498443603515625, 22.165313720703125, 17.165618896484375, 10.832672119140625, 2.833160400390625, 0.0]], [[1.0, -0.0, -0.0, -0.0, -0.0, -0.0, -0.0, -0.0, -0.0, -0.0, 91.75, 0.0, 0.0, 0.0, 0.0, 0.0, 0.0, 0.0, 0.0, 0.0, 9.5, 11.5, 11.0, 11.0, 10.5, 5.0, 7.5, 9.5, 12.0, 4.25, 0.0, 82.25, 70.75, 59.75, 48.75, 38.25, 33.25, 25.75, 16.25, 4.25, 0.0], [1.0, 0.0, 0.0, 0.0, 0.0, 0.0, 0.0, 0.0, 0.0, 0.0, 68.8125, 0.0, 0.0, 0.0, 0.0, 0.0, 0.0, 0.0, 0.0, 0.0, 7.125, 8.625, 8.25, 8.25, 7.875, 3.75, 5.625, 7.125, 9.0, 3.1875, 0.0, 61.6875, 53.0625, 44.8125, 36.5625, 28.6875, 24.9375, 19.3125, 12.1875, 3.1875, 0.0], [1.0, 0.0, 0.0, 0.0, 0.0, 0.0, 0.0, 0.0, 0.0, 0.0, 63.078125, 0.0, 0.0, 0.0, 0.0, 0.0, 0.0, 0.0, 0.0, 0.0, 6.53125, 7.90625, 7.5625, 7.5625, 7.21875, 3.4375, 5.15625, 6.53125, 8.25, 2.921875, 0.0, 56.546875, 48.640625, 41.078125, 33.515625, 26.296875, 22.859375, 17.703125, 11.171875, 2.921875, 0.0], [1.0, 0.0, 0.0, 0.0, 0.0, 0.0, 0.0, 0.0, 0.0, 0.0, 61.64453125, 0.0, 0.0, 0.0, 0.0, 0.0, 0.0, 0.0, 0.0, 0.0, 6.3828125, 7.7265625, 7.390625, 7.390625, 7.0546875, 3.359375, 5.0390625, 6.3828125, 8.0625, 2.85546875, 0.0, 55.26171875, 47.53515625, 40.14453125, 32.75390625, 25.69921875, 22.33984375, 17.30078125, 10.91796875, 2.85546875, 0.0], [1.0, 0.0, 0.0, 0.0, 0.0, 0.0, 0.0, 0.0, 0.0, 0.0, 61.2861328125, 0.0, 0.0, 0.0, 0.0, 0.0, 0.0, 0.0, 0.0, 0.0, 6.345703125, 7.681640625, 7.34765625, 7.34765625, 7.013671875, 3.33984375, 5.009765625, 6.345703125, 8.015625, 2.8388671875, 0.0, 54.9404296875, 47.2587890625, 39.9111328125, 32.5634765625, 25.5498046875, 22.2099609375, 17.2001953125, 10.8544921875, 2.8388671875, 0.0], [1.0, 0.0, 0.0, 0.0, 0.0, 0.0, 0.0, 0.0, 0.0, 0.0, 61.196533203125, 0.0, 0.0, 0.0, 0.0, 0.0, 0.0, 0.0, 0.0, 0.0, 6.33642578125, 7.67041015625, 7.3369140625, 7.3369140625, 7.00341796875, 3.3349609375, 5.00244140625, 6.33642578125, 8.00390625, 2.834716796875, 0.0, 54.860107421875, 47.189697265625, 39.852783203125, 32.515869140625, 25.512451171875, 22.177490234375, 17.175048828125, 10.838623046875, 2.834716796875, 0.0], [1.0, 0.0, 0.0, 0.0, 0.0, 0.0, 0.0, 0.0, 0.0, 0.0, 61.17413330078125, 0.0, 0.0, 0.0, 0.0, 0.0, 0.0, 0.0, 0.0, 0.0, 6.3341064453125, 7.6676025390625, 7.334228515625, 7.334228515625, 7.0008544921875, 3.333740234375, 5.0006103515625, 6.3341064453125, 8.0009765625, 2.83367919921875, 0.0, 54.84002685546875, 47.17242431640625, 39.83819580078125, 32.50396728515625, 25.50311279296875, 22.16937255859375, 17.16876220703125, 10.83465576171875, 2.83367919921875, 0.0], [1.0, 0.0, 0.0, 0.0, 0.0, 0.0, 0.0, 0.0, 0.0, 0.0, 61.16853332519531, 0.0, 0.0, 0.0, 0.0, 0.0, 0.0, 0.0, 0.0, 0.0, 6.333526611328125, 7.666900634765625, 7.33355712890625, 7.33355712890625, 7.000213623046875, 3.33343505859375, 5.000152587890625, 6.333526611328125, 8.000244140625, 2.8334197998046875, 0.0, 54.83500671386719, 47.16810607910156, 39.83454895019531, 32.50099182128906, 25.500778198242188, 22.167343139648438, 17.167190551757812, 10.833663940429688, 2.8334197998046875, 0.0]]]
numb_iter=15
numb_back=0
cpu_time=0.05113410949707031
max_iter=50

Potential results 
X_pot=[[1.0, 61.16666666666667, 6.333333333333334, 54.833333333333336, -0.0, 0.0, 7.666666666666667, 47.16666666666667, -0.0, 0.0, 7.333333333333333, 39.833333333333336, -0.0, 0.0, 7.333333333333334, 32.5, 0.0, 0.0, 7.0, 25.5, -0.0, 0.0, 3.3333333333333335, 22.166666666666668, -0.0, 0.0, 5.0, 17.166666666666668, -0.0, 0.0, 6.333333333333333, 10.833333333333334, -0.0, 0.0, 8.0, 2.8333333333333335, 0.0, 0.0, 2.8333333333333335, 0], [1.0, 61.16666666666667, 6.333333333333333, 54.833333333333336, -0.0, 0.0, 7.666666666666666, 47.16666666666667, -0.0, 0.0, 7.333333333333334, 39.833333333333336, -0.0, 0.0, 7.333333333333333, 32.5, -0.0, 0.0, 7.0, 25.499999999999996, -0.0, 0.0, 3.333333333333333, 22.166666666666664, -0.0, 0.0, 5.0, 17.166666666666664, -0.0, 0.0, 6.333333333333334, 10.833333333333332, -0.0, 0.0, 8.0, 2.833333333333333, -0.0, 0.0, 2.833333333333333, 0]]
Profits_pot=[408.8333333333333, 407.8333333333333]
cpu_time_pot=0.0014901161193847656
SGM results CE 
ce=[[0. 0. 0. 0. 0. 0. 0. 0.]
 [0. 0. 0. 0. 0. 0. 0. 0.]
 [0. 0. 0. 0. 0. 0. 0. 0.]
 [0. 0. 0. 0. 0. 0. 0. 0.]
 [0. 0. 0. 0. 0. 0. 0. 0.]
 [0. 0. 0. 0. 0. 0. 0. 0.]
 [0. 0. 0. 0. 0. 0. 0. 0.]
 [0. 0. 0. 0. 0. 0. 0. 1.]]
Profits=[408.820428696461, 407.85914142569527]
S=[[[1.0, -0.0, -0.0, -0.0, -0.0, -0.0, -0.0, -0.0, -0.0, 0.0, 91.75, 0.0, 0.0, 0.0, 0.0, 0.0, 0.0, 0.0, 0.0, 0.0, 9.5, 11.5, 11.0, 11.0, 10.5, 5.0, 7.5, 9.5, 12.0, 4.25, 0.0, 82.25, 70.75, 59.75, 48.75, 38.25, 33.25, 25.75, 16.25, 4.25, 0.0], [1.0, 0.0, 0.0, 0.0, 0.0, 0.0, 0.0, 0.0, 0.0, 0.0, 45.875, 0.0, 0.0, 0.0, 0.0, 0.0, 0.0, 0.0, 0.0, 0.0, 4.75, 5.75, 5.5, 5.5, 5.25, 2.5, 3.75, 4.75, 6.0, 2.125, 0.0, 41.125, 35.375, 29.875, 24.375, 19.125, 16.625, 12.875, 8.125, 2.125, 0.0], [1.0, -0.0, -0.0, -0.0, -0.0, -0.0, -0.0, -0.0, -0.0, 0.0, 57.34375, 0.0, 0.0, 0.0, 0.0, 0.0, 0.0, 0.0, 0.0, 0.0, 5.9375, 7.1875, 6.875, 6.875, 6.5625, 3.125, 4.6875, 5.9375, 7.5, 2.65625, 0.0, 51.40625, 44.21875, 37.34375, 30.46875, 23.90625, 20.78125, 16.09375, 10.15625, 2.65625, 0.0], [1.0, -0.0, -0.0, -0.0, -0.0, -0.0, -0.0, -0.0, -0.0, 0.0, 60.2109375, 0.0, 0.0, 0.0, 0.0, 0.0, 0.0, 0.0, 0.0, 0.0, 6.234375, 7.546875, 7.21875, 7.21875, 6.890625, 3.28125, 4.921875, 6.234375, 7.875, 2.7890625, 0.0, 53.9765625, 46.4296875, 39.2109375, 31.9921875, 25.1015625, 21.8203125, 16.8984375, 10.6640625, 2.7890625, 0.0], [1.0, -0.0, -0.0, -0.0, -0.0, -0.0, -0.0, -0.0, -0.0, 0.0, 60.927734375, 0.0, 0.0, 0.0, 0.0, 0.0, 0.0, 0.0, 0.0, 0.0, 6.30859375, 7.63671875, 7.3046875, 7.3046875, 6.97265625, 3.3203125, 4.98046875, 6.30859375, 7.96875, 2.822265625, 0.0, 54.619140625, 46.982421875, 39.677734375, 32.373046875, 25.400390625, 22.080078125, 17.099609375, 10.791015625, 2.822265625, 0.0], [1.0, -0.0, -0.0, -0.0, -0.0, -0.0, -0.0, -0.0, -0.0, 0.0, 61.10693359375, 0.0, 0.0, 0.0, 0.0, 0.0, 0.0, 0.0, 0.0, 0.0, 6.3271484375, 7.6591796875, 7.326171875, 7.326171875, 6.9931640625, 3.330078125, 4.9951171875, 6.3271484375, 7.9921875, 2.83056640625, 0.0, 54.77978515625, 47.12060546875, 39.79443359375, 32.46826171875, 25.47509765625, 22.14501953125, 17.14990234375, 10.82275390625, 2.83056640625, 0.0], [1.0, -0.0, -0.0, -0.0, -0.0, -0.0, -0.0, -0.0, -0.0, 0.0, 61.1517333984375, 0.0, 0.0, 0.0, 0.0, 0.0, 0.0, 0.0, 0.0, 0.0, 6.331787109375, 7.664794921875, 7.33154296875, 7.33154296875, 6.998291015625, 3.33251953125, 4.998779296875, 6.331787109375, 7.998046875, 2.8326416015625, 0.0, 54.8199462890625, 47.1551513671875, 39.8236083984375, 32.4920654296875, 25.4937744140625, 22.1612548828125, 17.1624755859375, 10.8306884765625, 2.8326416015625, 0.0], [1.0, -0.0, -0.0, -0.0, -0.0, -0.0, -0.0, -0.0, -0.0, 0.0, 61.162933349609375, 0.0, 0.0, 0.0, 0.0, 0.0, 0.0, 0.0, 0.0, 0.0, 6.33294677734375, 7.66619873046875, 7.3328857421875, 7.3328857421875, 6.99957275390625, 3.3331298828125, 4.99969482421875, 6.33294677734375, 7.99951171875, 2.833160400390625, 0.0, 54.829986572265625, 47.163787841796875, 39.830902099609375, 32.498016357421875, 25.498443603515625, 22.165313720703125, 17.165618896484375, 10.832672119140625, 2.833160400390625, 0.0]], [[1.0, -0.0, -0.0, -0.0, -0.0, -0.0, -0.0, -0.0, -0.0, -0.0, 91.75, 0.0, 0.0, 0.0, 0.0, 0.0, 0.0, 0.0, 0.0, 0.0, 9.5, 11.5, 11.0, 11.0, 10.5, 5.0, 7.5, 9.5, 12.0, 4.25, 0.0, 82.25, 70.75, 59.75, 48.75, 38.25, 33.25, 25.75, 16.25, 4.25, 0.0], [1.0, 0.0, 0.0, 0.0, 0.0, 0.0, 0.0, 0.0, 0.0, 0.0, 68.8125, 0.0, 0.0, 0.0, 0.0, 0.0, 0.0, 0.0, 0.0, 0.0, 7.125, 8.625, 8.25, 8.25, 7.875, 3.75, 5.625, 7.125, 9.0, 3.1875, 0.0, 61.6875, 53.0625, 44.8125, 36.5625, 28.6875, 24.9375, 19.3125, 12.1875, 3.1875, 0.0], [1.0, -0.0, -0.0, -0.0, -0.0, -0.0, -0.0, -0.0, -0.0, -0.0, 63.078125, 0.0, 0.0, 0.0, 0.0, 0.0, 0.0, 0.0, 0.0, 0.0, 6.53125, 7.90625, 7.5625, 7.5625, 7.21875, 3.4375, 5.15625, 6.53125, 8.25, 2.921875, 0.0, 56.546875, 48.640625, 41.078125, 33.515625, 26.296875, 22.859375, 17.703125, 11.171875, 2.921875, 0.0], [1.0, -0.0, -0.0, -0.0, -0.0, -0.0, -0.0, -0.0, -0.0, -0.0, 61.64453125, 0.0, 0.0, 0.0, 0.0, 0.0, 0.0, 0.0, 0.0, 0.0, 6.3828125, 7.7265625, 7.390625, 7.390625, 7.0546875, 3.359375, 5.0390625, 6.3828125, 8.0625, 2.85546875, 0.0, 55.26171875, 47.53515625, 40.14453125, 32.75390625, 25.69921875, 22.33984375, 17.30078125, 10.91796875, 2.85546875, 0.0], [1.0, -0.0, -0.0, -0.0, -0.0, -0.0, -0.0, -0.0, -0.0, -0.0, 61.2861328125, 0.0, 0.0, 0.0, 0.0, 0.0, 0.0, 0.0, 0.0, 0.0, 6.345703125, 7.681640625, 7.34765625, 7.34765625, 7.013671875, 3.33984375, 5.009765625, 6.345703125, 8.015625, 2.8388671875, 0.0, 54.9404296875, 47.2587890625, 39.9111328125, 32.5634765625, 25.5498046875, 22.2099609375, 17.2001953125, 10.8544921875, 2.8388671875, 0.0], [1.0, -0.0, -0.0, -0.0, -0.0, -0.0, -0.0, -0.0, -0.0, -0.0, 61.196533203125, 0.0, 0.0, 0.0, 0.0, 0.0, 0.0, 0.0, 0.0, 0.0, 6.33642578125, 7.67041015625, 7.3369140625, 7.3369140625, 7.00341796875, 3.3349609375, 5.00244140625, 6.33642578125, 8.00390625, 2.834716796875, 0.0, 54.860107421875, 47.189697265625, 39.852783203125, 32.515869140625, 25.512451171875, 22.177490234375, 17.175048828125, 10.838623046875, 2.834716796875, 0.0], [1.0, -0.0, -0.0, -0.0, -0.0, -0.0, -0.0, -0.0, -0.0, -0.0, 61.17413330078125, 0.0, 0.0, 0.0, 0.0, 0.0, 0.0, 0.0, 0.0, 0.0, 6.3341064453125, 7.6676025390625, 7.334228515625, 7.334228515625, 7.0008544921875, 3.333740234375, 5.0006103515625, 6.3341064453125, 8.0009765625, 2.83367919921875, 0.0, 54.84002685546875, 47.17242431640625, 39.83819580078125, 32.50396728515625, 25.50311279296875, 22.16937255859375, 17.16876220703125, 10.83465576171875, 2.83367919921875, 0.0], [1.0, -0.0, -0.0, -0.0, -0.0, -0.0, -0.0, -0.0, -0.0, -0.0, 61.16853332519531, 0.0, 0.0, 0.0, 0.0, 0.0, 0.0, 0.0, 0.0, 0.0, 6.333526611328125, 7.666900634765625, 7.33355712890625, 7.33355712890625, 7.000213623046875, 3.33343505859375, 5.000152587890625, 6.333526611328125, 8.000244140625, 2.8334197998046875, 0.0, 54.83500671386719, 47.16810607910156, 39.83454895019531, 32.50099182128906, 25.500778198242188, 22.167343139648438, 17.167190551757812, 10.833663940429688, 2.8334197998046875, 0.0]]]
numb_iter=15
cpu_time=0.3056495189666748
NE?=True
max_iter=1000

