m-SGM results 
ne=[0, 0, 0, 0, 0, 0, 0, 1.0, 0, 0, 0, 0, 0, 0, 0, 1.0]
Profits=[307.1569258784875, 263.1854149294086]
S=[[[1.0, -0.0, -0.0, 0.0, -0.0, -0.0, -0.0, -0.0, 0.0, -0.0, 69.25, 0.0, 0.0, 0.0, 0.0, 0.0, 0.0, 0.0, 0.0, 0.0, 3.75, 5.25, 8.0, 3.75, 6.0, 11.0, 9.5, 5.5, 5.5, 11.0, 0.0, 65.5, 60.25, 52.25, 48.5, 42.5, 31.5, 22.0, 16.5, 11.0, 0.0], [1.0, 0.0, 0.0, 0.0, 0.0, 0.0, 0.0, 0.0, 0.0, 0.0, 35.125, 0.0, 0.0, 0.0, 0.0, 0.0, 0.0, 0.0, 0.0, 0.0, 2.0, 2.75, 4.25, 1.875, 3.0, 5.5, 4.75, 2.75, 2.75, 5.5, 0.0, 33.125, 30.375, 26.125, 24.25, 21.25, 15.75, 11.0, 8.25, 5.5, 0.0], [1.0, 0.0, 0.0, 0.0, 0.0, 0.0, 0.0, 0.0, 0.0, 0.0, 43.90625, 0.0, 0.0, 0.0, 0.0, 0.0, 0.0, 0.0, 0.0, 0.0, 2.5, 3.4375, 5.3125, 2.34375, 3.75, 6.875, 5.9375, 3.4375, 3.4375, 6.875, 0.0, 41.40625, 37.96875, 32.65625, 30.3125, 26.5625, 19.6875, 13.75, 10.3125, 6.875, 0.0], [1.0, 0.0, 0.0, 0.0, 0.0, 0.0, 0.0, 0.0, 0.0, 0.0, 46.1015625, 0.0, 0.0, 0.0, 0.0, 0.0, 0.0, 0.0, 0.0, 0.0, 2.625, 3.609375, 5.578125, 2.4609375, 3.9375, 7.21875, 6.234375, 3.609375, 3.609375, 7.21875, 0.0, 43.4765625, 39.8671875, 34.2890625, 31.828125, 27.890625, 20.671875, 14.4375, 10.828125, 7.21875, 0.0], [1.0, 0.0, 0.0, 0.0, 0.0, 0.0, 0.0, 0.0, 0.0, 0.0, 46.650390625, 0.0, 0.0, 0.0, 0.0, 0.0, 0.0, 0.0, 0.0, 0.0, 2.65625, 3.65234375, 5.64453125, 2.490234375, 3.984375, 7.3046875, 6.30859375, 3.65234375, 3.65234375, 7.3046875, 0.0, 43.994140625, 40.341796875, 34.697265625, 32.20703125, 28.22265625, 20.91796875, 14.609375, 10.95703125, 7.3046875, 0.0], [1.0, 0.0, 0.0, 0.0, 0.0, 0.0, 0.0, 0.0, 0.0, 0.0, 46.78759765625, 0.0, 0.0, 0.0, 0.0, 0.0, 0.0, 0.0, 0.0, 0.0, 2.6640625, 3.6630859375, 5.6611328125, 2.49755859375, 3.99609375, 7.326171875, 6.3271484375, 3.6630859375, 3.6630859375, 7.326171875, 0.0, 44.12353515625, 40.46044921875, 34.79931640625, 32.3017578125, 28.3056640625, 20.9794921875, 14.65234375, 10.9892578125, 7.326171875, 0.0], [1.0, 0.0, 0.0, 0.0, 0.0, 0.0, 0.0, 0.0, 0.0, 0.0, 46.8218994140625, 0.0, 0.0, 0.0, 0.0, 0.0, 0.0, 0.0, 0.0, 0.0, 2.666015625, 3.665771484375, 5.665283203125, 2.4993896484375, 3.9990234375, 7.33154296875, 6.331787109375, 3.665771484375, 3.665771484375, 7.33154296875, 0.0, 44.1558837890625, 40.4901123046875, 34.8248291015625, 32.325439453125, 28.326416015625, 20.994873046875, 14.6630859375, 10.997314453125, 7.33154296875, 0.0], [1.0, 0.0, 0.0, 0.0, 0.0, 0.0, 0.0, 0.0, 0.0, 0.0, 46.830474853515625, 0.0, 0.0, 0.0, 0.0, 0.0, 0.0, 0.0, 0.0, 0.0, 2.66650390625, 3.66644287109375, 5.66632080078125, 2.499847412109375, 3.999755859375, 7.3328857421875, 6.33294677734375, 3.66644287109375, 3.66644287109375, 7.3328857421875, 0.0, 44.163970947265625, 40.497528076171875, 34.831207275390625, 32.33135986328125, 28.33160400390625, 20.99871826171875, 14.665771484375, 10.99932861328125, 7.3328857421875, 0.0]], [[1.0, 0.0, 0.0, 1.0, 0.0, 0.0, 0.0, 0.0, -0.0, -0.0, 16.0, 0.0, 0.0, 52.25, 0.0, 0.0, 0.0, 0.0, 0.0, 0.0, 3.5, 5.0, 7.5, 3.75, 6.0, 11.0, 9.5, 5.5, 5.5, 11.0, 0.0, 12.5, 7.5, 0.0, 48.5, 42.5, 31.5, 22.0, 16.5, 11.0, 0.0], [1.0, 0.0, 0.0, 1.0, 0.0, 0.0, 0.0, 0.0, 0.0, 0.0, 11.5, 0.0, 0.0, 39.1875, 0.0, 0.0, 0.0, 0.0, 0.0, 0.0, 2.5, 3.625, 5.375, 2.8125, 4.5, 8.25, 7.125, 4.125, 4.125, 8.25, 0.0, 9.0, 5.375, 0.0, 36.375, 31.875, 23.625, 16.5, 12.375, 8.25, 0.0], [1.0, 0.0, 0.0, 1.0, 0.0, 0.0, 0.0, 0.0, 0.0, 0.0, 10.375, 0.0, 0.0, 35.921875, 0.0, 0.0, 0.0, 0.0, 0.0, 0.0, 2.25, 3.28125, 4.84375, 2.578125, 4.125, 7.5625, 6.53125, 3.78125, 3.78125, 7.5625, 0.0, 8.125, 4.84375, 0.0, 33.34375, 29.21875, 21.65625, 15.125, 11.34375, 7.5625, 0.0], [1.0, 0.0, 0.0, 1.0, 0.0, 0.0, 0.0, 0.0, 0.0, 0.0, 10.09375, 0.0, 0.0, 35.10546875, 0.0, 0.0, 0.0, 0.0, 0.0, 0.0, 2.1875, 3.1953125, 4.7109375, 2.51953125, 4.03125, 7.390625, 6.3828125, 3.6953125, 3.6953125, 7.390625, 0.0, 7.90625, 4.7109375, 0.0, 32.5859375, 28.5546875, 21.1640625, 14.78125, 11.0859375, 7.390625, 0.0], [1.0, 0.0, 0.0, 1.0, 0.0, 0.0, 0.0, 0.0, 0.0, 0.0, 10.0234375, 0.0, 0.0, 34.9013671875, 0.0, 0.0, 0.0, 0.0, 0.0, 0.0, 2.171875, 3.173828125, 4.677734375, 2.5048828125, 4.0078125, 7.34765625, 6.345703125, 3.673828125, 3.673828125, 7.34765625, 0.0, 7.8515625, 4.677734375, 0.0, 32.396484375, 28.388671875, 21.041015625, 14.6953125, 11.021484375, 7.34765625, 0.0], [1.0, 0.0, 0.0, 1.0, 0.0, 0.0, 0.0, 0.0, 0.0, 0.0, 10.005859375, 0.0, 0.0, 34.850341796875, 0.0, 0.0, 0.0, 0.0, 0.0, 0.0, 2.16796875, 3.16845703125, 4.66943359375, 2.501220703125, 4.001953125, 7.3369140625, 6.33642578125, 3.66845703125, 3.66845703125, 7.3369140625, 0.0, 7.837890625, 4.66943359375, 0.0, 32.34912109375, 28.34716796875, 21.01025390625, 14.673828125, 11.00537109375, 7.3369140625, 0.0], [1.0, 0.0, 0.0, 1.0, 0.0, 0.0, 0.0, 0.0, 0.0, 0.0, 10.00146484375, 0.0, 0.0, 34.83758544921875, 0.0, 0.0, 0.0, 0.0, 0.0, 0.0, 2.1669921875, 3.1671142578125, 4.6673583984375, 2.50030517578125, 4.00048828125, 7.334228515625, 6.3341064453125, 3.6671142578125, 3.6671142578125, 7.334228515625, 0.0, 7.83447265625, 4.6673583984375, 0.0, 32.3372802734375, 28.3367919921875, 21.0025634765625, 14.66845703125, 11.0013427734375, 7.334228515625, 0.0], [1.0, 0.0, 0.0, 1.0, 0.0, 0.0, 0.0, 0.0, 0.0, 0.0, 10.0003662109375, 0.0, 0.0, 34.83439636230469, 0.0, 0.0, 0.0, 0.0, 0.0, 0.0, 2.166748046875, 3.166778564453125, 4.666839599609375, 2.5000762939453125, 4.0001220703125, 7.33355712890625, 6.333526611328125, 3.666778564453125, 3.666778564453125, 7.33355712890625, 0.0, 7.8336181640625, 4.666839599609375, 0.0, 32.334320068359375, 28.334197998046875, 21.000640869140625, 14.6671142578125, 11.000335693359375, 7.33355712890625, 0.0]]]
numb_iter=15
numb_back=0
cpu_time=0.07387566566467285
max_iter=50

SGM results 
ne=[0, 0, 0, 0, 0, 0, 0, 1.0, 0, 0, 0, 0, 0, 0, 0, 1.0]
Profits=[307.1569258784875, 263.1854149294086]
S=[[[1.0, -0.0, -0.0, 0.0, -0.0, -0.0, -0.0, -0.0, 0.0, -0.0, 69.25, 0.0, 0.0, 0.0, 0.0, 0.0, 0.0, 0.0, 0.0, 0.0, 3.75, 5.25, 8.0, 3.75, 6.0, 11.0, 9.5, 5.5, 5.5, 11.0, 0.0, 65.5, 60.25, 52.25, 48.5, 42.5, 31.5, 22.0, 16.5, 11.0, 0.0], [1.0, 0.0, 0.0, 0.0, 0.0, 0.0, 0.0, 0.0, 0.0, 0.0, 35.125, 0.0, 0.0, 0.0, 0.0, 0.0, 0.0, 0.0, 0.0, 0.0, 2.0, 2.75, 4.25, 1.875, 3.0, 5.5, 4.75, 2.75, 2.75, 5.5, 0.0, 33.125, 30.375, 26.125, 24.25, 21.25, 15.75, 11.0, 8.25, 5.5, 0.0], [1.0, 0.0, 0.0, 0.0, 0.0, 0.0, 0.0, 0.0, 0.0, 0.0, 43.90625, 0.0, 0.0, 0.0, 0.0, 0.0, 0.0, 0.0, 0.0, 0.0, 2.5, 3.4375, 5.3125, 2.34375, 3.75, 6.875, 5.9375, 3.4375, 3.4375, 6.875, 0.0, 41.40625, 37.96875, 32.65625, 30.3125, 26.5625, 19.6875, 13.75, 10.3125, 6.875, 0.0], [1.0, 0.0, 0.0, 0.0, 0.0, 0.0, 0.0, 0.0, 0.0, 0.0, 46.1015625, 0.0, 0.0, 0.0, 0.0, 0.0, 0.0, 0.0, 0.0, 0.0, 2.625, 3.609375, 5.578125, 2.4609375, 3.9375, 7.21875, 6.234375, 3.609375, 3.609375, 7.21875, 0.0, 43.4765625, 39.8671875, 34.2890625, 31.828125, 27.890625, 20.671875, 14.4375, 10.828125, 7.21875, 0.0], [1.0, 0.0, 0.0, 0.0, 0.0, 0.0, 0.0, 0.0, 0.0, 0.0, 46.650390625, 0.0, 0.0, 0.0, 0.0, 0.0, 0.0, 0.0, 0.0, 0.0, 2.65625, 3.65234375, 5.64453125, 2.490234375, 3.984375, 7.3046875, 6.30859375, 3.65234375, 3.65234375, 7.3046875, 0.0, 43.994140625, 40.341796875, 34.697265625, 32.20703125, 28.22265625, 20.91796875, 14.609375, 10.95703125, 7.3046875, 0.0], [1.0, 0.0, 0.0, 0.0, 0.0, 0.0, 0.0, 0.0, 0.0, 0.0, 46.78759765625, 0.0, 0.0, 0.0, 0.0, 0.0, 0.0, 0.0, 0.0, 0.0, 2.6640625, 3.6630859375, 5.6611328125, 2.49755859375, 3.99609375, 7.326171875, 6.3271484375, 3.6630859375, 3.6630859375, 7.326171875, 0.0, 44.12353515625, 40.46044921875, 34.79931640625, 32.3017578125, 28.3056640625, 20.9794921875, 14.65234375, 10.9892578125, 7.326171875, 0.0], [1.0, 0.0, 0.0, 0.0, 0.0, 0.0, 0.0, 0.0, 0.0, 0.0, 46.8218994140625, 0.0, 0.0, 0.0, 0.0, 0.0, 0.0, 0.0, 0.0, 0.0, 2.666015625, 3.665771484375, 5.665283203125, 2.4993896484375, 3.9990234375, 7.33154296875, 6.331787109375, 3.665771484375, 3.665771484375, 7.33154296875, 0.0, 44.1558837890625, 40.4901123046875, 34.8248291015625, 32.325439453125, 28.326416015625, 20.994873046875, 14.6630859375, 10.997314453125, 7.33154296875, 0.0], [1.0, 0.0, 0.0, 0.0, 0.0, 0.0, 0.0, 0.0, 0.0, 0.0, 46.830474853515625, 0.0, 0.0, 0.0, 0.0, 0.0, 0.0, 0.0, 0.0, 0.0, 2.66650390625, 3.66644287109375, 5.66632080078125, 2.499847412109375, 3.999755859375, 7.3328857421875, 6.33294677734375, 3.66644287109375, 3.66644287109375, 7.3328857421875, 0.0, 44.163970947265625, 40.497528076171875, 34.831207275390625, 32.33135986328125, 28.33160400390625, 20.99871826171875, 14.665771484375, 10.99932861328125, 7.3328857421875, 0.0]], [[1.0, 0.0, 0.0, 1.0, 0.0, 0.0, 0.0, 0.0, -0.0, -0.0, 16.0, 0.0, 0.0, 52.25, 0.0, 0.0, 0.0, 0.0, 0.0, 0.0, 3.5, 5.0, 7.5, 3.75, 6.0, 11.0, 9.5, 5.5, 5.5, 11.0, 0.0, 12.5, 7.5, 0.0, 48.5, 42.5, 31.5, 22.0, 16.5, 11.0, 0.0], [1.0, 0.0, 0.0, 1.0, 0.0, 0.0, 0.0, 0.0, 0.0, 0.0, 11.5, 0.0, 0.0, 39.1875, 0.0, 0.0, 0.0, 0.0, 0.0, 0.0, 2.5, 3.625, 5.375, 2.8125, 4.5, 8.25, 7.125, 4.125, 4.125, 8.25, 0.0, 9.0, 5.375, 0.0, 36.375, 31.875, 23.625, 16.5, 12.375, 8.25, 0.0], [1.0, 0.0, 0.0, 1.0, 0.0, 0.0, 0.0, 0.0, 0.0, 0.0, 10.375, 0.0, 0.0, 35.921875, 0.0, 0.0, 0.0, 0.0, 0.0, 0.0, 2.25, 3.28125, 4.84375, 2.578125, 4.125, 7.5625, 6.53125, 3.78125, 3.78125, 7.5625, 0.0, 8.125, 4.84375, 0.0, 33.34375, 29.21875, 21.65625, 15.125, 11.34375, 7.5625, 0.0], [1.0, 0.0, 0.0, 1.0, 0.0, 0.0, 0.0, 0.0, 0.0, 0.0, 10.09375, 0.0, 0.0, 35.10546875, 0.0, 0.0, 0.0, 0.0, 0.0, 0.0, 2.1875, 3.1953125, 4.7109375, 2.51953125, 4.03125, 7.390625, 6.3828125, 3.6953125, 3.6953125, 7.390625, 0.0, 7.90625, 4.7109375, 0.0, 32.5859375, 28.5546875, 21.1640625, 14.78125, 11.0859375, 7.390625, 0.0], [1.0, 0.0, 0.0, 1.0, 0.0, 0.0, 0.0, 0.0, 0.0, 0.0, 10.0234375, 0.0, 0.0, 34.9013671875, 0.0, 0.0, 0.0, 0.0, 0.0, 0.0, 2.171875, 3.173828125, 4.677734375, 2.5048828125, 4.0078125, 7.34765625, 6.345703125, 3.673828125, 3.673828125, 7.34765625, 0.0, 7.8515625, 4.677734375, 0.0, 32.396484375, 28.388671875, 21.041015625, 14.6953125, 11.021484375, 7.34765625, 0.0], [1.0, 0.0, 0.0, 1.0, 0.0, 0.0, 0.0, 0.0, 0.0, 0.0, 10.005859375, 0.0, 0.0, 34.850341796875, 0.0, 0.0, 0.0, 0.0, 0.0, 0.0, 2.16796875, 3.16845703125, 4.66943359375, 2.501220703125, 4.001953125, 7.3369140625, 6.33642578125, 3.66845703125, 3.66845703125, 7.3369140625, 0.0, 7.837890625, 4.66943359375, 0.0, 32.34912109375, 28.34716796875, 21.01025390625, 14.673828125, 11.00537109375, 7.3369140625, 0.0], [1.0, 0.0, 0.0, 1.0, 0.0, 0.0, 0.0, 0.0, 0.0, 0.0, 10.00146484375, 0.0, 0.0, 34.83758544921875, 0.0, 0.0, 0.0, 0.0, 0.0, 0.0, 2.1669921875, 3.1671142578125, 4.6673583984375, 2.50030517578125, 4.00048828125, 7.334228515625, 6.3341064453125, 3.6671142578125, 3.6671142578125, 7.334228515625, 0.0, 7.83447265625, 4.6673583984375, 0.0, 32.3372802734375, 28.3367919921875, 21.0025634765625, 14.66845703125, 11.0013427734375, 7.334228515625, 0.0], [1.0, 0.0, 0.0, 1.0, 0.0, 0.0, 0.0, 0.0, 0.0, 0.0, 10.0003662109375, 0.0, 0.0, 34.83439636230469, 0.0, 0.0, 0.0, 0.0, 0.0, 0.0, 2.166748046875, 3.166778564453125, 4.666839599609375, 2.5000762939453125, 4.0001220703125, 7.33355712890625, 6.333526611328125, 3.666778564453125, 3.666778564453125, 7.33355712890625, 0.0, 7.8336181640625, 4.666839599609375, 0.0, 32.334320068359375, 28.334197998046875, 21.000640869140625, 14.6671142578125, 11.000335693359375, 7.33355712890625, 0.0]]]
numb_iter=15
numb_back=0
cpu_time=0.06333661079406738
max_iter=50

Potential results 
X_pot=[[1.0, 46.83333333333332, 2.6666666666666665, 44.16666666666666, -0.0, 0.0, 3.6666666666666665, 40.49999999999999, -0.0, 0.0, 5.666666666666667, 34.83333333333333, 0.0, 0.0, 2.5, 32.33333333333333, -0.0, 0.0, 4.0, 28.333333333333332, -0.0, 0.0, 7.333333333333333, 21.0, -0.0, 0.0, 6.333333333333333, 14.666666666666666, -0.0, 0.0, 3.6666666666666665, 11.0, 0.0, 0.0, 3.6666666666666665, 7.333333333333333, -0.0, 0.0, 7.333333333333333, 0], [1.0, 10.0, 2.166666666666667, 7.833333333333333, -0.0, 0.0, 3.166666666666667, 4.666666666666666, -0.0, 0.0, 4.666666666666666, 0.0, 1.0, 34.833333333333336, 2.5, 32.333333333333336, -0.0, 0.0, 4.0, 28.333333333333336, -0.0, 0.0, 7.333333333333334, 21.0, 0.0, 0.0, 6.333333333333334, 14.666666666666668, -0.0, 0.0, 3.666666666666667, 11.0, -0.0, 0.0, 3.666666666666667, 7.333333333333334, 0.0, 0.0, 7.333333333333334, 0]]
Profits_pot=[307.16666666666663, 263.16666666666663]
cpu_time_pot=0.0039520263671875
SGM results CE 
ce=[[0. 0. 0. 0. 0. 0. 0. 0.]
 [0. 0. 0. 0. 0. 0. 0. 0.]
 [0. 0. 0. 0. 0. 0. 0. 0.]
 [0. 0. 0. 0. 0. 0. 0. 0.]
 [0. 0. 0. 0. 0. 0. 0. 0.]
 [0. 0. 0. 0. 0. 0. 0. 0.]
 [0. 0. 0. 0. 0. 0. 0. 0.]
 [0. 0. 0. 0. 0. 0. 0. 1.]]
Profits=[307.1569258784875, 263.1854149294086]
S=[[[1.0, -0.0, -0.0, 0.0, -0.0, -0.0, -0.0, -0.0, 0.0, -0.0, 69.25, 0.0, 0.0, 0.0, 0.0, 0.0, 0.0, 0.0, 0.0, 0.0, 3.75, 5.25, 8.0, 3.75, 6.0, 11.0, 9.5, 5.5, 5.5, 11.0, 0.0, 65.5, 60.25, 52.25, 48.5, 42.5, 31.5, 22.0, 16.5, 11.0, 0.0], [1.0, 0.0, 0.0, 0.0, 0.0, 0.0, 0.0, 0.0, 0.0, 0.0, 35.125, 0.0, 0.0, 0.0, 0.0, 0.0, 0.0, 0.0, 0.0, 0.0, 2.0, 2.75, 4.25, 1.875, 3.0, 5.5, 4.75, 2.75, 2.75, 5.5, 0.0, 33.125, 30.375, 26.125, 24.25, 21.25, 15.75, 11.0, 8.25, 5.5, 0.0], [1.0, 0.0, 0.0, -0.0, 0.0, 0.0, 0.0, 0.0, 0.0, 0.0, 43.90625, 0.0, 0.0, 0.0, 0.0, 0.0, 0.0, 0.0, 0.0, 0.0, 2.5, 3.4375, 5.3125, 2.34375, 3.75, 6.875, 5.9375, 3.4375, 3.4375, 6.875, 0.0, 41.40625, 37.96875, 32.65625, 30.3125, 26.5625, 19.6875, 13.75, 10.3125, 6.875, 0.0], [1.0, 0.0, 0.0, -0.0, 0.0, 0.0, 0.0, 0.0, 0.0, 0.0, 46.1015625, 0.0, 0.0, 0.0, 0.0, 0.0, 0.0, 0.0, 0.0, 0.0, 2.625, 3.609375, 5.578125, 2.4609375, 3.9375, 7.21875, 6.234375, 3.609375, 3.609375, 7.21875, 0.0, 43.4765625, 39.8671875, 34.2890625, 31.828125, 27.890625, 20.671875, 14.4375, 10.828125, 7.21875, 0.0], [1.0, 0.0, 0.0, -0.0, 0.0, 0.0, 0.0, 0.0, 0.0, 0.0, 46.650390625, 0.0, 0.0, 0.0, 0.0, 0.0, 0.0, 0.0, 0.0, 0.0, 2.65625, 3.65234375, 5.64453125, 2.490234375, 3.984375, 7.3046875, 6.30859375, 3.65234375, 3.65234375, 7.3046875, 0.0, 43.994140625, 40.341796875, 34.697265625, 32.20703125, 28.22265625, 20.91796875, 14.609375, 10.95703125, 7.3046875, 0.0], [1.0, 0.0, 0.0, -0.0, 0.0, 0.0, 0.0, 0.0, 0.0, 0.0, 46.78759765625, 0.0, 0.0, 0.0, 0.0, 0.0, 0.0, 0.0, 0.0, 0.0, 2.6640625, 3.6630859375, 5.6611328125, 2.49755859375, 3.99609375, 7.326171875, 6.3271484375, 3.6630859375, 3.6630859375, 7.326171875, 0.0, 44.12353515625, 40.46044921875, 34.79931640625, 32.3017578125, 28.3056640625, 20.9794921875, 14.65234375, 10.9892578125, 7.326171875, 0.0], [1.0, 0.0, 0.0, -0.0, 0.0, 0.0, 0.0, 0.0, 0.0, 0.0, 46.8218994140625, 0.0, 0.0, 0.0, 0.0, 0.0, 0.0, 0.0, 0.0, 0.0, 2.666015625, 3.665771484375, 5.665283203125, 2.4993896484375, 3.9990234375, 7.33154296875, 6.331787109375, 3.665771484375, 3.665771484375, 7.33154296875, 0.0, 44.1558837890625, 40.4901123046875, 34.8248291015625, 32.325439453125, 28.326416015625, 20.994873046875, 14.6630859375, 10.997314453125, 7.33154296875, 0.0], [1.0, 0.0, 0.0, -0.0, 0.0, 0.0, 0.0, 0.0, 0.0, 0.0, 46.830474853515625, 0.0, 0.0, 0.0, 0.0, 0.0, 0.0, 0.0, 0.0, 0.0, 2.66650390625, 3.66644287109375, 5.66632080078125, 2.499847412109375, 3.999755859375, 7.3328857421875, 6.33294677734375, 3.66644287109375, 3.66644287109375, 7.3328857421875, 0.0, 44.163970947265625, 40.497528076171875, 34.831207275390625, 32.33135986328125, 28.33160400390625, 20.99871826171875, 14.665771484375, 10.99932861328125, 7.3328857421875, 0.0]], [[1.0, 0.0, 0.0, 1.0, 0.0, 0.0, 0.0, 0.0, -0.0, -0.0, 16.0, 0.0, 0.0, 52.25, 0.0, 0.0, 0.0, 0.0, 0.0, 0.0, 3.5, 5.0, 7.5, 3.75, 6.0, 11.0, 9.5, 5.5, 5.5, 11.0, 0.0, 12.5, 7.5, 0.0, 48.5, 42.5, 31.5, 22.0, 16.5, 11.0, 0.0], [1.0, 0.0, 0.0, 1.0, 0.0, 0.0, 0.0, 0.0, 0.0, 0.0, 11.5, 0.0, 0.0, 39.1875, 0.0, 0.0, 0.0, 0.0, 0.0, 0.0, 2.5, 3.625, 5.375, 2.8125, 4.5, 8.25, 7.125, 4.125, 4.125, 8.25, 0.0, 9.0, 5.375, 0.0, 36.375, 31.875, 23.625, 16.5, 12.375, 8.25, 0.0], [1.0, -0.0, -0.0, 1.0, -0.0, -0.0, 0.0, -0.0, -0.0, -0.0, 10.375, 0.0, 0.0, 35.921875, 0.0, 0.0, 0.0, 0.0, 0.0, 0.0, 2.25, 3.28125, 4.84375, 2.578125, 4.125, 7.5625, 6.53125, 3.78125, 3.78125, 7.5625, 0.0, 8.125, 4.84375, 0.0, 33.34375, 29.21875, 21.65625, 15.125, 11.34375, 7.5625, 0.0], [1.0, -0.0, -0.0, 1.0, -0.0, -0.0, 0.0, -0.0, -0.0, -0.0, 10.09375, 0.0, 0.0, 35.10546875, 0.0, 0.0, 0.0, 0.0, 0.0, 0.0, 2.1875, 3.1953125, 4.7109375, 2.51953125, 4.03125, 7.390625, 6.3828125, 3.6953125, 3.6953125, 7.390625, 0.0, 7.90625, 4.7109375, 0.0, 32.5859375, 28.5546875, 21.1640625, 14.78125, 11.0859375, 7.390625, 0.0], [1.0, -0.0, -0.0, 1.0, -0.0, -0.0, 0.0, -0.0, -0.0, -0.0, 10.0234375, 0.0, 0.0, 34.9013671875, 0.0, 0.0, 0.0, 0.0, 0.0, 0.0, 2.171875, 3.173828125, 4.677734375, 2.5048828125, 4.0078125, 7.34765625, 6.345703125, 3.673828125, 3.673828125, 7.34765625, 0.0, 7.8515625, 4.677734375, 0.0, 32.396484375, 28.388671875, 21.041015625, 14.6953125, 11.021484375, 7.34765625, 0.0], [1.0, -0.0, -0.0, 1.0, -0.0, -0.0, 0.0, -0.0, -0.0, -0.0, 10.005859375, 0.0, 0.0, 34.850341796875, 0.0, 0.0, 0.0, 0.0, 0.0, 0.0, 2.16796875, 3.16845703125, 4.66943359375, 2.501220703125, 4.001953125, 7.3369140625, 6.33642578125, 3.66845703125, 3.66845703125, 7.3369140625, 0.0, 7.837890625, 4.66943359375, 0.0, 32.34912109375, 28.34716796875, 21.01025390625, 14.673828125, 11.00537109375, 7.3369140625, 0.0], [1.0, -0.0, -0.0, 1.0, -0.0, -0.0, 0.0, -0.0, -0.0, -0.0, 10.00146484375, 0.0, 0.0, 34.83758544921875, 0.0, 0.0, 0.0, 0.0, 0.0, 0.0, 2.1669921875, 3.1671142578125, 4.6673583984375, 2.50030517578125, 4.00048828125, 7.334228515625, 6.3341064453125, 3.6671142578125, 3.6671142578125, 7.334228515625, 0.0, 7.83447265625, 4.6673583984375, 0.0, 32.3372802734375, 28.3367919921875, 21.0025634765625, 14.66845703125, 11.0013427734375, 7.334228515625, 0.0], [1.0, -0.0, -0.0, 1.0, -0.0, -0.0, 0.0, -0.0, -0.0, -0.0, 10.0003662109375, 0.0, 0.0, 34.83439636230469, 0.0, 0.0, 0.0, 0.0, 0.0, 0.0, 2.166748046875, 3.166778564453125, 4.666839599609375, 2.5000762939453125, 4.0001220703125, 7.33355712890625, 6.333526611328125, 3.666778564453125, 3.666778564453125, 7.33355712890625, 0.0, 7.8336181640625, 4.666839599609375, 0.0, 32.334320068359375, 28.334197998046875, 21.000640869140625, 14.6671142578125, 11.000335693359375, 7.33355712890625, 0.0]]]
numb_iter=15
cpu_time=0.32492971420288086
NE?=True
max_iter=1000

