m-SGM results 
ne=[0, 0, 0, 0, 0, 0, 0, 1.0, 0, 0, 0, 0, 0, 0, 0, 1.0]
Profits=[265.60239441972226, 368.7553747505881]
S=[[[1.0, 1.0, 0.0, 0.0, 1.0, 0.0, 0.0, 0.0, 0.0, 0.0, 3.5, 18.0, 0.0, 0.0, 50.75, 0.0, 0.0, 0.0, 0.0, 0.0, 3.5, 3.5, 5.0, 9.5, 4.5, 10.5, 12.0, 5.75, 7.5, 10.5, 0.0, 0.0, 14.5, 9.5, 0.0, 46.25, 35.75, 23.75, 18.0, 10.5, 0.0], [-0.0, 1.0, -0.0, -0.0, 1.0, -0.0, -0.0, -0.0, -0.0, -0.0, 0.0, 7.5, 0.0, 0.0, 25.375, 0.0, 0.0, 0.0, 0.0, 0.0, 0.0, 1.375, 2.125, 4.0, 2.25, 5.25, 6.0, 2.875, 3.75, 5.25, 0.0, 0.0, 6.125, 4.0, 0.0, 23.125, 17.875, 11.875, 9.0, 5.25, 0.0], [0.0, 1.0, 0.0, 0.0, 1.0, 0.0, 0.0, 0.0, 0.0, 0.0, 0.0, 9.375, 0.0, 0.0, 31.71875, 0.0, 0.0, 0.0, 0.0, 0.0, 0.0, 1.71875, 2.65625, 5.0, 2.8125, 6.5625, 7.5, 3.59375, 4.6875, 6.5625, 0.0, 0.0, 7.65625, 5.0, 0.0, 28.90625, 22.34375, 14.84375, 11.25, 6.5625, 0.0], [0.0, 1.0, 0.0, 0.0, 1.0, 0.0, 0.0, 0.0, 0.0, 0.0, 0.0, 9.84375, 0.0, 0.0, 33.3046875, 0.0, 0.0, 0.0, 0.0, 0.0, 0.0, 1.8046875, 2.7890625, 5.25, 2.953125, 6.890625, 7.875, 3.7734375, 4.921875, 6.890625, 0.0, 0.0, 8.0390625, 5.25, 0.0, 30.3515625, 23.4609375, 15.5859375, 11.8125, 6.890625, 0.0], [0.0, 1.0, 0.0, 0.0, 1.0, 0.0, 0.0, 0.0, 0.0, 0.0, 0.0, 9.9609375, 0.0, 0.0, 33.701171875, 0.0, 0.0, 0.0, 0.0, 0.0, 0.0, 1.826171875, 2.822265625, 5.3125, 2.98828125, 6.97265625, 7.96875, 3.818359375, 4.98046875, 6.97265625, 0.0, 0.0, 8.134765625, 5.3125, 0.0, 30.712890625, 23.740234375, 15.771484375, 11.953125, 6.97265625, 0.0], [0.0, 1.0, 0.0, 0.0, 1.0, 0.0, 0.0, 0.0, 0.0, 0.0, 0.0, 9.990234375, 0.0, 0.0, 33.80029296875, 0.0, 0.0, 0.0, 0.0, 0.0, 0.0, 1.83154296875, 2.83056640625, 5.328125, 2.9970703125, 6.9931640625, 7.9921875, 3.82958984375, 4.9951171875, 6.9931640625, 0.0, 0.0, 8.15869140625, 5.328125, 0.0, 30.80322265625, 23.81005859375, 15.81787109375, 11.98828125, 6.9931640625, 0.0], [0.0, 1.0, 0.0, 0.0, 1.0, 0.0, 0.0, 0.0, 0.0, 0.0, 0.0, 9.99755859375, 0.0, 0.0, 33.8250732421875, 0.0, 0.0, 0.0, 0.0, 0.0, 0.0, 1.8328857421875, 2.8326416015625, 5.33203125, 2.999267578125, 6.998291015625, 7.998046875, 3.8323974609375, 4.998779296875, 6.998291015625, 0.0, 0.0, 8.1646728515625, 5.33203125, 0.0, 30.8258056640625, 23.8275146484375, 15.8294677734375, 11.9970703125, 6.998291015625, 0.0], [0.0, 1.0, 0.0, 0.0, 1.0, 0.0, 0.0, 0.0, 0.0, 0.0, 0.0, 9.9993896484375, 0.0, 0.0, 33.831268310546875, 0.0, 0.0, 0.0, 0.0, 0.0, 0.0, 1.833221435546875, 2.833160400390625, 5.3330078125, 2.99981689453125, 6.99957275390625, 7.99951171875, 3.833099365234375, 4.99969482421875, 6.99957275390625, 0.0, 0.0, 8.166168212890625, 5.3330078125, 0.0, 30.831451416015625, 23.831878662109375, 15.832366943359375, 11.999267578125, 6.99957275390625, 0.0]], [[1.0, 1.0, 0.0, 0.0, 0.0, 0.0, 0.0, 0.0, 0.0, 0.0, 4.25, 71.75, 0.0, 0.0, 0.0, 0.0, 0.0, 0.0, 0.0, 0.0, 4.25, 4.25, 5.75, 11.0, 4.5, 10.5, 12.0, 5.75, 7.5, 10.5, 0.0, 0.0, 67.5, 61.75, 50.75, 46.25, 35.75, 23.75, 18.0, 10.5, 0.0], [1.0, 1.0, 0.0, 0.0, 0.0, 0.0, 0.0, 0.0, 0.0, 0.0, 4.25, 55.3125, 0.0, 0.0, 0.0, 0.0, 0.0, 0.0, 0.0, 0.0, 4.25, 3.5625, 4.6875, 9.0, 3.375, 7.875, 9.0, 4.3125, 5.625, 7.875, 0.0, 0.0, 51.75, 47.0625, 38.0625, 34.6875, 26.8125, 17.8125, 13.5, 7.875, 0.0], [1.0, 1.0, 0.0, 0.0, 0.0, 0.0, 0.0, 0.0, 0.0, 0.0, 4.25, 51.203125, 0.0, 0.0, 0.0, 0.0, 0.0, 0.0, 0.0, 0.0, 4.25, 3.390625, 4.421875, 8.5, 3.09375, 7.21875, 8.25, 3.953125, 5.15625, 7.21875, 0.0, 0.0, 47.8125, 43.390625, 34.890625, 31.796875, 24.578125, 16.328125, 12.375, 7.21875, 0.0], [1.0, 1.0, 0.0, 0.0, 0.0, 0.0, 0.0, 0.0, 0.0, 0.0, 4.25, 50.17578125, 0.0, 0.0, 0.0, 0.0, 0.0, 0.0, 0.0, 0.0, 4.25, 3.34765625, 4.35546875, 8.375, 3.0234375, 7.0546875, 8.0625, 3.86328125, 5.0390625, 7.0546875, 0.0, 0.0, 46.828125, 42.47265625, 34.09765625, 31.07421875, 24.01953125, 15.95703125, 12.09375, 7.0546875, 0.0], [1.0, 1.0, 0.0, 0.0, 0.0, 0.0, 0.0, 0.0, 0.0, 0.0, 4.25, 49.9189453125, 0.0, 0.0, 0.0, 0.0, 0.0, 0.0, 0.0, 0.0, 4.25, 3.3369140625, 4.3388671875, 8.34375, 3.005859375, 7.013671875, 8.015625, 3.8408203125, 5.009765625, 7.013671875, 0.0, 0.0, 46.58203125, 42.2431640625, 33.8994140625, 30.8935546875, 23.8798828125, 15.8642578125, 12.0234375, 7.013671875, 0.0], [1.0, 1.0, 0.0, 0.0, 0.0, 0.0, 0.0, 0.0, 0.0, 0.0, 4.25, 49.854736328125, 0.0, 0.0, 0.0, 0.0, 0.0, 0.0, 0.0, 0.0, 4.25, 3.334228515625, 4.334716796875, 8.3359375, 3.00146484375, 7.00341796875, 8.00390625, 3.835205078125, 5.00244140625, 7.00341796875, 0.0, 0.0, 46.5205078125, 42.185791015625, 33.849853515625, 30.848388671875, 23.844970703125, 15.841064453125, 12.005859375, 7.00341796875, 0.0], [1.0, 1.0, 0.0, 0.0, 0.0, 0.0, 0.0, 0.0, 0.0, 0.0, 4.25, 49.83868408203125, 0.0, 0.0, 0.0, 0.0, 0.0, 0.0, 0.0, 0.0, 4.25, 3.33355712890625, 4.33367919921875, 8.333984375, 3.0003662109375, 7.0008544921875, 8.0009765625, 3.83380126953125, 5.0006103515625, 7.0008544921875, 0.0, 0.0, 46.505126953125, 42.17144775390625, 33.83746337890625, 30.83709716796875, 23.83624267578125, 15.83526611328125, 12.00146484375, 7.0008544921875, 0.0], [1.0, 1.0, 0.0, 0.0, 0.0, 0.0, 0.0, 0.0, 0.0, 0.0, 4.25, 49.83467102050781, 0.0, 0.0, 0.0, 0.0, 0.0, 0.0, 0.0, 0.0, 4.25, 3.3333892822265625, 4.3334197998046875, 8.33349609375, 3.000091552734375, 7.000213623046875, 8.000244140625, 3.8334503173828125, 5.000152587890625, 7.000213623046875, 0.0, 0.0, 46.50128173828125, 42.16786193847656, 33.83436584472656, 30.834274291992188, 23.834060668945312, 15.833816528320312, 12.0003662109375, 7.000213623046875, 0.0]]]
numb_iter=15
numb_back=0
cpu_time=0.08322787284851074
max_iter=50

SGM results 
ne=[0, 0, 0, 0, 0, 0, 0, 1.0, 0, 0, 0, 0, 0, 0, 0, 1.0]
Profits=[265.60239441972226, 368.7553747505881]
S=[[[1.0, 1.0, 0.0, 0.0, 1.0, 0.0, 0.0, 0.0, 0.0, 0.0, 3.5, 18.0, 0.0, 0.0, 50.75, 0.0, 0.0, 0.0, 0.0, 0.0, 3.5, 3.5, 5.0, 9.5, 4.5, 10.5, 12.0, 5.75, 7.5, 10.5, 0.0, 0.0, 14.5, 9.5, 0.0, 46.25, 35.75, 23.75, 18.0, 10.5, 0.0], [-0.0, 1.0, -0.0, -0.0, 1.0, -0.0, -0.0, -0.0, -0.0, -0.0, 0.0, 7.5, 0.0, 0.0, 25.375, 0.0, 0.0, 0.0, 0.0, 0.0, 0.0, 1.375, 2.125, 4.0, 2.25, 5.25, 6.0, 2.875, 3.75, 5.25, 0.0, 0.0, 6.125, 4.0, 0.0, 23.125, 17.875, 11.875, 9.0, 5.25, 0.0], [0.0, 1.0, 0.0, 0.0, 1.0, 0.0, 0.0, 0.0, 0.0, 0.0, 0.0, 9.375, 0.0, 0.0, 31.71875, 0.0, 0.0, 0.0, 0.0, 0.0, 0.0, 1.71875, 2.65625, 5.0, 2.8125, 6.5625, 7.5, 3.59375, 4.6875, 6.5625, 0.0, 0.0, 7.65625, 5.0, 0.0, 28.90625, 22.34375, 14.84375, 11.25, 6.5625, 0.0], [0.0, 1.0, 0.0, 0.0, 1.0, 0.0, 0.0, 0.0, 0.0, 0.0, 0.0, 9.84375, 0.0, 0.0, 33.3046875, 0.0, 0.0, 0.0, 0.0, 0.0, 0.0, 1.8046875, 2.7890625, 5.25, 2.953125, 6.890625, 7.875, 3.7734375, 4.921875, 6.890625, 0.0, 0.0, 8.0390625, 5.25, 0.0, 30.3515625, 23.4609375, 15.5859375, 11.8125, 6.890625, 0.0], [0.0, 1.0, 0.0, 0.0, 1.0, 0.0, 0.0, 0.0, 0.0, 0.0, 0.0, 9.9609375, 0.0, 0.0, 33.701171875, 0.0, 0.0, 0.0, 0.0, 0.0, 0.0, 1.826171875, 2.822265625, 5.3125, 2.98828125, 6.97265625, 7.96875, 3.818359375, 4.98046875, 6.97265625, 0.0, 0.0, 8.134765625, 5.3125, 0.0, 30.712890625, 23.740234375, 15.771484375, 11.953125, 6.97265625, 0.0], [0.0, 1.0, 0.0, 0.0, 1.0, 0.0, 0.0, 0.0, 0.0, 0.0, 0.0, 9.990234375, 0.0, 0.0, 33.80029296875, 0.0, 0.0, 0.0, 0.0, 0.0, 0.0, 1.83154296875, 2.83056640625, 5.328125, 2.9970703125, 6.9931640625, 7.9921875, 3.82958984375, 4.9951171875, 6.9931640625, 0.0, 0.0, 8.15869140625, 5.328125, 0.0, 30.80322265625, 23.81005859375, 15.81787109375, 11.98828125, 6.9931640625, 0.0], [0.0, 1.0, 0.0, 0.0, 1.0, 0.0, 0.0, 0.0, 0.0, 0.0, 0.0, 9.99755859375, 0.0, 0.0, 33.8250732421875, 0.0, 0.0, 0.0, 0.0, 0.0, 0.0, 1.8328857421875, 2.8326416015625, 5.33203125, 2.999267578125, 6.998291015625, 7.998046875, 3.8323974609375, 4.998779296875, 6.998291015625, 0.0, 0.0, 8.1646728515625, 5.33203125, 0.0, 30.8258056640625, 23.8275146484375, 15.8294677734375, 11.9970703125, 6.998291015625, 0.0], [0.0, 1.0, 0.0, 0.0, 1.0, 0.0, 0.0, 0.0, 0.0, 0.0, 0.0, 9.9993896484375, 0.0, 0.0, 33.831268310546875, 0.0, 0.0, 0.0, 0.0, 0.0, 0.0, 1.833221435546875, 2.833160400390625, 5.3330078125, 2.99981689453125, 6.99957275390625, 7.99951171875, 3.833099365234375, 4.99969482421875, 6.99957275390625, 0.0, 0.0, 8.166168212890625, 5.3330078125, 0.0, 30.831451416015625, 23.831878662109375, 15.832366943359375, 11.999267578125, 6.99957275390625, 0.0]], [[1.0, 1.0, 0.0, 0.0, 0.0, 0.0, 0.0, 0.0, 0.0, 0.0, 4.25, 71.75, 0.0, 0.0, 0.0, 0.0, 0.0, 0.0, 0.0, 0.0, 4.25, 4.25, 5.75, 11.0, 4.5, 10.5, 12.0, 5.75, 7.5, 10.5, 0.0, 0.0, 67.5, 61.75, 50.75, 46.25, 35.75, 23.75, 18.0, 10.5, 0.0], [1.0, 1.0, 0.0, 0.0, 0.0, 0.0, 0.0, 0.0, 0.0, 0.0, 4.25, 55.3125, 0.0, 0.0, 0.0, 0.0, 0.0, 0.0, 0.0, 0.0, 4.25, 3.5625, 4.6875, 9.0, 3.375, 7.875, 9.0, 4.3125, 5.625, 7.875, 0.0, 0.0, 51.75, 47.0625, 38.0625, 34.6875, 26.8125, 17.8125, 13.5, 7.875, 0.0], [1.0, 1.0, 0.0, 0.0, 0.0, 0.0, 0.0, 0.0, 0.0, 0.0, 4.25, 51.203125, 0.0, 0.0, 0.0, 0.0, 0.0, 0.0, 0.0, 0.0, 4.25, 3.390625, 4.421875, 8.5, 3.09375, 7.21875, 8.25, 3.953125, 5.15625, 7.21875, 0.0, 0.0, 47.8125, 43.390625, 34.890625, 31.796875, 24.578125, 16.328125, 12.375, 7.21875, 0.0], [1.0, 1.0, 0.0, 0.0, 0.0, 0.0, 0.0, 0.0, 0.0, 0.0, 4.25, 50.17578125, 0.0, 0.0, 0.0, 0.0, 0.0, 0.0, 0.0, 0.0, 4.25, 3.34765625, 4.35546875, 8.375, 3.0234375, 7.0546875, 8.0625, 3.86328125, 5.0390625, 7.0546875, 0.0, 0.0, 46.828125, 42.47265625, 34.09765625, 31.07421875, 24.01953125, 15.95703125, 12.09375, 7.0546875, 0.0], [1.0, 1.0, 0.0, 0.0, 0.0, 0.0, 0.0, 0.0, 0.0, 0.0, 4.25, 49.9189453125, 0.0, 0.0, 0.0, 0.0, 0.0, 0.0, 0.0, 0.0, 4.25, 3.3369140625, 4.3388671875, 8.34375, 3.005859375, 7.013671875, 8.015625, 3.8408203125, 5.009765625, 7.013671875, 0.0, 0.0, 46.58203125, 42.2431640625, 33.8994140625, 30.8935546875, 23.8798828125, 15.8642578125, 12.0234375, 7.013671875, 0.0], [1.0, 1.0, 0.0, 0.0, 0.0, 0.0, 0.0, 0.0, 0.0, 0.0, 4.25, 49.854736328125, 0.0, 0.0, 0.0, 0.0, 0.0, 0.0, 0.0, 0.0, 4.25, 3.334228515625, 4.334716796875, 8.3359375, 3.00146484375, 7.00341796875, 8.00390625, 3.835205078125, 5.00244140625, 7.00341796875, 0.0, 0.0, 46.5205078125, 42.185791015625, 33.849853515625, 30.848388671875, 23.844970703125, 15.841064453125, 12.005859375, 7.00341796875, 0.0], [1.0, 1.0, 0.0, 0.0, 0.0, 0.0, 0.0, 0.0, 0.0, 0.0, 4.25, 49.83868408203125, 0.0, 0.0, 0.0, 0.0, 0.0, 0.0, 0.0, 0.0, 4.25, 3.33355712890625, 4.33367919921875, 8.333984375, 3.0003662109375, 7.0008544921875, 8.0009765625, 3.83380126953125, 5.0006103515625, 7.0008544921875, 0.0, 0.0, 46.505126953125, 42.17144775390625, 33.83746337890625, 30.83709716796875, 23.83624267578125, 15.83526611328125, 12.00146484375, 7.0008544921875, 0.0], [1.0, 1.0, 0.0, 0.0, 0.0, 0.0, 0.0, 0.0, 0.0, 0.0, 4.25, 49.83467102050781, 0.0, 0.0, 0.0, 0.0, 0.0, 0.0, 0.0, 0.0, 4.25, 3.3333892822265625, 4.3334197998046875, 8.33349609375, 3.000091552734375, 7.000213623046875, 8.000244140625, 3.8334503173828125, 5.000152587890625, 7.000213623046875, 0.0, 0.0, 46.50128173828125, 42.16786193847656, 33.83436584472656, 30.834274291992188, 23.834060668945312, 15.833816528320312, 12.0003662109375, 7.000213623046875, 0.0]]]
numb_iter=15
numb_back=0
cpu_time=0.07202887535095215
max_iter=50

Potential results 
X_pot=[[0.0, 0.0, 0.0, 0.0, 1.0, 10.0, 1.8333333333333333, 8.166666666666666, 0.0, 0.0, 2.8333333333333335, 5.333333333333333, -0.0, 0.0, 5.333333333333333, 0.0, 1.0, 33.83333333333333, 3.0, 30.833333333333332, -0.0, 0.0, 7.0, 23.833333333333332, -0.0, 0.0, 8.0, 15.833333333333332, 0.0, 0.0, 3.833333333333333, 12.0, -0.0, 0.0, 5.0, 7.0, -0.0, 0.0, 7.0, 0], [1.0, 4.25, 4.25, 0.0, 1.0, 49.83333333333334, 3.3333333333333335, 46.50000000000001, 0.0, 0.0, 4.333333333333333, 42.16666666666667, -0.0, 0.0, 8.333333333333334, 33.833333333333336, -0.0, 0.0, 3.0, 30.833333333333336, 0.0, 0.0, 7.0, 23.833333333333336, -0.0, 0.0, 8.0, 15.833333333333334, -0.0, 0.0, 3.8333333333333335, 12.0, -0.0, 0.0, 5.0, 7.0, -0.0, 0.0, 7.0, 0]]
Profits_pot=[265.61111111111114, 368.7361111111111]
cpu_time_pot=0.006163835525512695
SGM results CE 
ce=[[0. 0. 0. 0. 0. 0. 0. 0.]
 [0. 0. 0. 0. 0. 0. 0. 0.]
 [0. 0. 0. 0. 0. 0. 0. 0.]
 [0. 0. 0. 0. 0. 0. 0. 0.]
 [0. 0. 0. 0. 0. 0. 0. 0.]
 [0. 0. 0. 0. 0. 0. 0. 0.]
 [0. 0. 0. 0. 0. 0. 0. 0.]
 [0. 0. 0. 0. 0. 0. 0. 1.]]
Profits=[265.60239441972226, 368.7553747505881]
S=[[[1.0, 1.0, 0.0, 0.0, 1.0, 0.0, 0.0, 0.0, 0.0, 0.0, 3.5, 18.0, 0.0, 0.0, 50.75, 0.0, 0.0, 0.0, 0.0, 0.0, 3.5, 3.5, 5.0, 9.5, 4.5, 10.5, 12.0, 5.75, 7.5, 10.5, 0.0, 0.0, 14.5, 9.5, 0.0, 46.25, 35.75, 23.75, 18.0, 10.5, 0.0], [-0.0, 1.0, -0.0, -0.0, 1.0, -0.0, -0.0, -0.0, -0.0, -0.0, 0.0, 7.5, 0.0, 0.0, 25.375, 0.0, 0.0, 0.0, 0.0, 0.0, 0.0, 1.375, 2.125, 4.0, 2.25, 5.25, 6.0, 2.875, 3.75, 5.25, 0.0, 0.0, 6.125, 4.0, 0.0, 23.125, 17.875, 11.875, 9.0, 5.25, 0.0], [-0.0, 1.0, -0.0, -0.0, 1.0, -0.0, -0.0, -0.0, -0.0, -0.0, 0.0, 9.375, 0.0, 0.0, 31.71875, 0.0, 0.0, 0.0, 0.0, 0.0, 0.0, 1.71875, 2.65625, 5.0, 2.8125, 6.5625, 7.5, 3.59375, 4.6875, 6.5625, 0.0, 0.0, 7.65625, 5.0, 0.0, 28.90625, 22.34375, 14.84375, 11.25, 6.5625, 0.0], [-0.0, 1.0, -0.0, -0.0, 1.0, -0.0, -0.0, -0.0, -0.0, -0.0, 0.0, 9.84375, 0.0, 0.0, 33.3046875, 0.0, 0.0, 0.0, 0.0, 0.0, 0.0, 1.8046875, 2.7890625, 5.25, 2.953125, 6.890625, 7.875, 3.7734375, 4.921875, 6.890625, 0.0, 0.0, 8.0390625, 5.25, 0.0, 30.3515625, 23.4609375, 15.5859375, 11.8125, 6.890625, 0.0], [-0.0, 1.0, -0.0, -0.0, 1.0, -0.0, -0.0, -0.0, -0.0, -0.0, 0.0, 9.9609375, 0.0, 0.0, 33.701171875, 0.0, 0.0, 0.0, 0.0, 0.0, 0.0, 1.826171875, 2.822265625, 5.3125, 2.98828125, 6.97265625, 7.96875, 3.818359375, 4.98046875, 6.97265625, 0.0, 0.0, 8.134765625, 5.3125, 0.0, 30.712890625, 23.740234375, 15.771484375, 11.953125, 6.97265625, 0.0], [-0.0, 1.0, -0.0, -0.0, 1.0, -0.0, -0.0, -0.0, -0.0, -0.0, 0.0, 9.990234375, 0.0, 0.0, 33.80029296875, 0.0, 0.0, 0.0, 0.0, 0.0, 0.0, 1.83154296875, 2.83056640625, 5.328125, 2.9970703125, 6.9931640625, 7.9921875, 3.82958984375, 4.9951171875, 6.9931640625, 0.0, 0.0, 8.15869140625, 5.328125, 0.0, 30.80322265625, 23.81005859375, 15.81787109375, 11.98828125, 6.9931640625, 0.0], [-0.0, 1.0, -0.0, -0.0, 1.0, -0.0, -0.0, -0.0, -0.0, -0.0, 0.0, 9.99755859375, 0.0, 0.0, 33.8250732421875, 0.0, 0.0, 0.0, 0.0, 0.0, 0.0, 1.8328857421875, 2.8326416015625, 5.33203125, 2.999267578125, 6.998291015625, 7.998046875, 3.8323974609375, 4.998779296875, 6.998291015625, 0.0, 0.0, 8.1646728515625, 5.33203125, 0.0, 30.8258056640625, 23.8275146484375, 15.8294677734375, 11.9970703125, 6.998291015625, 0.0], [-0.0, 1.0, -0.0, -0.0, 1.0, -0.0, -0.0, -0.0, -0.0, -0.0, 0.0, 9.9993896484375, 0.0, 0.0, 33.831268310546875, 0.0, 0.0, 0.0, 0.0, 0.0, 0.0, 1.833221435546875, 2.833160400390625, 5.3330078125, 2.99981689453125, 6.99957275390625, 7.99951171875, 3.833099365234375, 4.99969482421875, 6.99957275390625, 0.0, 0.0, 8.166168212890625, 5.3330078125, 0.0, 30.831451416015625, 23.831878662109375, 15.832366943359375, 11.999267578125, 6.99957275390625, 0.0]], [[1.0, 1.0, 0.0, 0.0, 0.0, 0.0, 0.0, 0.0, 0.0, 0.0, 4.25, 71.75, 0.0, 0.0, 0.0, 0.0, 0.0, 0.0, 0.0, 0.0, 4.25, 4.25, 5.75, 11.0, 4.5, 10.5, 12.0, 5.75, 7.5, 10.5, 0.0, 0.0, 67.5, 61.75, 50.75, 46.25, 35.75, 23.75, 18.0, 10.5, 0.0], [1.0, 1.0, 0.0, 0.0, 0.0, 0.0, 0.0, 0.0, 0.0, 0.0, 4.25, 55.3125, 0.0, 0.0, 0.0, 0.0, 0.0, 0.0, 0.0, 0.0, 4.25, 3.5625, 4.6875, 9.0, 3.375, 7.875, 9.0, 4.3125, 5.625, 7.875, 0.0, 0.0, 51.75, 47.0625, 38.0625, 34.6875, 26.8125, 17.8125, 13.5, 7.875, 0.0], [1.0, 1.0, 0.0, 0.0, 0.0, 0.0, 0.0, 0.0, 0.0, 0.0, 4.25, 51.203125, 0.0, 0.0, 0.0, 0.0, 0.0, 0.0, 0.0, 0.0, 4.25, 3.390625, 4.421875, 8.5, 3.09375, 7.21875, 8.25, 3.953125, 5.15625, 7.21875, 0.0, 0.0, 47.8125, 43.390625, 34.890625, 31.796875, 24.578125, 16.328125, 12.375, 7.21875, 0.0], [1.0, 1.0, 0.0, 0.0, 0.0, 0.0, 0.0, 0.0, 0.0, 0.0, 4.25, 50.17578125, 0.0, 0.0, 0.0, 0.0, 0.0, 0.0, 0.0, 0.0, 4.25, 3.34765625, 4.35546875, 8.375, 3.0234375, 7.0546875, 8.0625, 3.86328125, 5.0390625, 7.0546875, 0.0, 0.0, 46.828125, 42.47265625, 34.09765625, 31.07421875, 24.01953125, 15.95703125, 12.09375, 7.0546875, 0.0], [1.0, 1.0, 0.0, 0.0, 0.0, 0.0, 0.0, 0.0, 0.0, 0.0, 4.25, 49.9189453125, 0.0, 0.0, 0.0, 0.0, 0.0, 0.0, 0.0, 0.0, 4.25, 3.3369140625, 4.3388671875, 8.34375, 3.005859375, 7.013671875, 8.015625, 3.8408203125, 5.009765625, 7.013671875, 0.0, 0.0, 46.58203125, 42.2431640625, 33.8994140625, 30.8935546875, 23.8798828125, 15.8642578125, 12.0234375, 7.013671875, 0.0], [1.0, 1.0, 0.0, 0.0, 0.0, 0.0, 0.0, 0.0, 0.0, 0.0, 4.25, 49.854736328125, 0.0, 0.0, 0.0, 0.0, 0.0, 0.0, 0.0, 0.0, 4.25, 3.334228515625, 4.334716796875, 8.3359375, 3.00146484375, 7.00341796875, 8.00390625, 3.835205078125, 5.00244140625, 7.00341796875, 0.0, 0.0, 46.5205078125, 42.185791015625, 33.849853515625, 30.848388671875, 23.844970703125, 15.841064453125, 12.005859375, 7.00341796875, 0.0], [1.0, 1.0, 0.0, 0.0, 0.0, 0.0, 0.0, 0.0, 0.0, 0.0, 4.25, 49.83868408203125, 0.0, 0.0, 0.0, 0.0, 0.0, 0.0, 0.0, 0.0, 4.25, 3.33355712890625, 4.33367919921875, 8.333984375, 3.0003662109375, 7.0008544921875, 8.0009765625, 3.83380126953125, 5.0006103515625, 7.0008544921875, 0.0, 0.0, 46.505126953125, 42.17144775390625, 33.83746337890625, 30.83709716796875, 23.83624267578125, 15.83526611328125, 12.00146484375, 7.0008544921875, 0.0], [1.0, 1.0, 0.0, 0.0, 0.0, 0.0, 0.0, 0.0, 0.0, 0.0, 4.25, 49.83467102050781, 0.0, 0.0, 0.0, 0.0, 0.0, 0.0, 0.0, 0.0, 4.25, 3.3333892822265625, 4.3334197998046875, 8.33349609375, 3.000091552734375, 7.000213623046875, 8.000244140625, 3.8334503173828125, 5.000152587890625, 7.000213623046875, 0.0, 0.0, 46.50128173828125, 42.16786193847656, 33.83436584472656, 30.834274291992188, 23.834060668945312, 15.833816528320312, 12.0003662109375, 7.000213623046875, 0.0]]]
numb_iter=15
cpu_time=0.344681978225708
NE?=True
max_iter=1000

