m-SGM results 
ne=[0, 0, 0, 0, 0, 0, 0, 1.0, 0, 0, 0, 0, 0, 0, 0, 1.0]
Profits=[320.2671790542081, 163.62661097338423]
S=[[[1.0, 0.0, 1.0, -0.0, 0.0, 0.0, -0.0, -0.0, -0.0, -0.0, 12.75, 0.0, 58.5, 0.0, 0.0, 0.0, 0.0, 0.0, 0.0, 0.0, 5.25, 7.5, 7.5, 4.5, 8.5, 8.5, 11.5, 10.0, 3.75, 4.25, 0.0, 7.5, 0.0, 51.0, 46.5, 38.0, 29.5, 18.0, 8.0, 4.25, 0.0], [1.0, 0.0, 1.0, 0.0, 0.0, 0.0, 0.0, 0.0, 0.0, 0.0, 6.375, 0.0, 32.75, 0.0, 0.0, 0.0, 0.0, 0.0, 0.0, 0.0, 2.625, 3.75, 4.5, 2.5, 4.75, 4.75, 6.25, 5.5, 2.125, 2.375, 0.0, 3.75, 0.0, 28.25, 25.75, 21.0, 16.25, 10.0, 4.5, 2.375, 0.0], [1.0, 0.0, 1.0, 0.0, 0.0, 0.0, 0.0, 0.0, 0.0, 0.0, 7.96875, 0.0, 40.9375, 0.0, 0.0, 0.0, 0.0, 0.0, 0.0, 0.0, 3.28125, 4.6875, 5.625, 3.125, 5.9375, 5.9375, 7.8125, 6.875, 2.65625, 2.96875, 0.0, 4.6875, 0.0, 35.3125, 32.1875, 26.25, 20.3125, 12.5, 5.625, 2.96875, 0.0], [1.0, 0.0, 1.0, 0.0, 0.0, 0.0, 0.0, 0.0, 0.0, 0.0, 8.3671875, 0.0, 42.984375, 0.0, 0.0, 0.0, 0.0, 0.0, 0.0, 0.0, 3.4453125, 4.921875, 5.90625, 3.28125, 6.234375, 6.234375, 8.203125, 7.21875, 2.7890625, 3.1171875, 0.0, 4.921875, 0.0, 37.078125, 33.796875, 27.5625, 21.328125, 13.125, 5.90625, 3.1171875, 0.0], [1.0, 0.0, 1.0, 0.0, 0.0, 0.0, 0.0, 0.0, 0.0, 0.0, 8.466796875, 0.0, 43.49609375, 0.0, 0.0, 0.0, 0.0, 0.0, 0.0, 0.0, 3.486328125, 4.98046875, 5.9765625, 3.3203125, 6.30859375, 6.30859375, 8.30078125, 7.3046875, 2.822265625, 3.154296875, 0.0, 4.98046875, 0.0, 37.51953125, 34.19921875, 27.890625, 21.58203125, 13.28125, 5.9765625, 3.154296875, 0.0], [1.0, 0.0, 1.0, 0.0, 0.0, 0.0, 0.0, 0.0, 0.0, 0.0, 8.49169921875, 0.0, 43.6240234375, 0.0, 0.0, 0.0, 0.0, 0.0, 0.0, 0.0, 3.49658203125, 4.9951171875, 5.994140625, 3.330078125, 6.3271484375, 6.3271484375, 8.3251953125, 7.326171875, 2.83056640625, 3.16357421875, 0.0, 4.9951171875, 0.0, 37.6298828125, 34.2998046875, 27.97265625, 21.6455078125, 13.3203125, 5.994140625, 3.16357421875, 0.0], [1.0, 0.0, 1.0, 0.0, 0.0, 0.0, 0.0, 0.0, 0.0, 0.0, 8.4979248046875, 0.0, 43.656005859375, 0.0, 0.0, 0.0, 0.0, 0.0, 0.0, 0.0, 3.4991455078125, 4.998779296875, 5.99853515625, 3.33251953125, 6.331787109375, 6.331787109375, 8.331298828125, 7.33154296875, 2.8326416015625, 3.1658935546875, 0.0, 4.998779296875, 0.0, 37.657470703125, 34.324951171875, 27.9931640625, 21.661376953125, 13.330078125, 5.99853515625, 3.1658935546875, 0.0], [1.0, 0.0, 1.0, 0.0, 0.0, 0.0, 0.0, 0.0, 0.0, 0.0, 8.499481201171875, 0.0, 43.66400146484375, 0.0, 0.0, 0.0, 0.0, 0.0, 0.0, 0.0, 3.499786376953125, 4.99969482421875, 5.9996337890625, 3.3331298828125, 6.33294677734375, 6.33294677734375, 8.33282470703125, 7.3328857421875, 2.833160400390625, 3.166473388671875, 0.0, 4.99969482421875, 0.0, 37.66436767578125, 34.33123779296875, 27.998291015625, 21.66534423828125, 13.33251953125, 5.9996337890625, 3.166473388671875, 0.0]], [[1.0, 0.0, -0.0, 1.0, 0.0, 0.0, -0.0, 0.0, 0.0, -0.0, 18.75, 0.0, 0.0, 45.5, 0.0, 0.0, 0.0, 0.0, 0.0, 0.0, 5.25, 7.5, 6.0, 4.0, 7.5, 7.5, 10.5, 9.0, 3.25, 3.75, 0.0, 13.5, 6.0, 0.0, 41.5, 34.0, 26.5, 16.0, 7.0, 3.75, 0.0], [1.0, 0.0, 0.0, 1.0, 0.0, 0.0, 0.0, 0.0, 0.0, 0.0, 13.3125, 0.0, 0.0, 31.375, 0.0, 0.0, 0.0, 0.0, 0.0, 0.0, 3.9375, 5.625, 3.75, 2.75, 5.125, 5.125, 7.375, 6.25, 2.1875, 2.5625, 0.0, 9.375, 3.75, 0.0, 28.625, 23.5, 18.375, 11.0, 4.75, 2.5625, 0.0], [1.0, 0.0, 0.0, 1.0, 0.0, 0.0, 0.0, 0.0, 0.0, 0.0, 11.953125, 0.0, 0.0, 27.84375, 0.0, 0.0, 0.0, 0.0, 0.0, 0.0, 3.609375, 5.15625, 3.1875, 2.4375, 4.53125, 4.53125, 6.59375, 5.5625, 1.921875, 2.265625, 0.0, 8.34375, 3.1875, 0.0, 25.40625, 20.875, 16.34375, 9.75, 4.1875, 2.265625, 0.0], [1.0, 0.0, 0.0, 1.0, 0.0, 0.0, 0.0, 0.0, 0.0, 0.0, 11.61328125, 0.0, 0.0, 26.9609375, 0.0, 0.0, 0.0, 0.0, 0.0, 0.0, 3.52734375, 5.0390625, 3.046875, 2.359375, 4.3828125, 4.3828125, 6.3984375, 5.390625, 1.85546875, 2.19140625, 0.0, 8.0859375, 3.046875, 0.0, 24.6015625, 20.21875, 15.8359375, 9.4375, 4.046875, 2.19140625, 0.0], [1.0, 0.0, 0.0, 1.0, 0.0, 0.0, 0.0, 0.0, 0.0, 0.0, 11.5283203125, 0.0, 0.0, 26.740234375, 0.0, 0.0, 0.0, 0.0, 0.0, 0.0, 3.5068359375, 5.009765625, 3.01171875, 2.33984375, 4.345703125, 4.345703125, 6.349609375, 5.34765625, 1.8388671875, 2.1728515625, 0.0, 8.021484375, 3.01171875, 0.0, 24.400390625, 20.0546875, 15.708984375, 9.359375, 4.01171875, 2.1728515625, 0.0], [1.0, 0.0, 0.0, 1.0, 0.0, 0.0, 0.0, 0.0, 0.0, 0.0, 11.507080078125, 0.0, 0.0, 26.68505859375, 0.0, 0.0, 0.0, 0.0, 0.0, 0.0, 3.501708984375, 5.00244140625, 3.0029296875, 2.3349609375, 4.33642578125, 4.33642578125, 6.33740234375, 5.3369140625, 1.834716796875, 2.168212890625, 0.0, 8.00537109375, 3.0029296875, 0.0, 24.35009765625, 20.013671875, 15.67724609375, 9.33984375, 4.0029296875, 2.168212890625, 0.0], [1.0, 0.0, 0.0, 1.0, 0.0, 0.0, 0.0, 0.0, 0.0, 0.0, 11.50177001953125, 0.0, 0.0, 26.6712646484375, 0.0, 0.0, 0.0, 0.0, 0.0, 0.0, 3.50042724609375, 5.0006103515625, 3.000732421875, 2.333740234375, 4.3341064453125, 4.3341064453125, 6.3343505859375, 5.334228515625, 1.83367919921875, 2.16705322265625, 0.0, 8.0013427734375, 3.000732421875, 0.0, 24.3375244140625, 20.00341796875, 15.6693115234375, 9.3349609375, 4.000732421875, 2.16705322265625, 0.0], [1.0, 0.0, 0.0, 1.0, 0.0, 0.0, 0.0, 0.0, 0.0, 0.0, 11.500442504882812, 0.0, 0.0, 26.667816162109375, 0.0, 0.0, 0.0, 0.0, 0.0, 0.0, 3.5001068115234375, 5.000152587890625, 3.00018310546875, 2.33343505859375, 4.333526611328125, 4.333526611328125, 6.333587646484375, 5.33355712890625, 1.8334197998046875, 2.1667633056640625, 0.0, 8.000335693359375, 3.00018310546875, 0.0, 24.334381103515625, 20.0008544921875, 15.667327880859375, 9.333740234375, 4.00018310546875, 2.1667633056640625, 0.0]]]
numb_iter=15
numb_back=0
cpu_time=0.08570599555969238
max_iter=50

SGM results 
ne=[0, 0, 0, 0, 0, 0, 0, 1.0, 0, 0, 0, 0, 0, 0, 0, 1.0]
Profits=[320.2671790542081, 163.62661097338423]
S=[[[1.0, 0.0, 1.0, -0.0, 0.0, 0.0, -0.0, -0.0, -0.0, -0.0, 12.75, 0.0, 58.5, 0.0, 0.0, 0.0, 0.0, 0.0, 0.0, 0.0, 5.25, 7.5, 7.5, 4.5, 8.5, 8.5, 11.5, 10.0, 3.75, 4.25, 0.0, 7.5, 0.0, 51.0, 46.5, 38.0, 29.5, 18.0, 8.0, 4.25, 0.0], [1.0, 0.0, 1.0, 0.0, 0.0, 0.0, 0.0, 0.0, 0.0, 0.0, 6.375, 0.0, 32.75, 0.0, 0.0, 0.0, 0.0, 0.0, 0.0, 0.0, 2.625, 3.75, 4.5, 2.5, 4.75, 4.75, 6.25, 5.5, 2.125, 2.375, 0.0, 3.75, 0.0, 28.25, 25.75, 21.0, 16.25, 10.0, 4.5, 2.375, 0.0], [1.0, 0.0, 1.0, 0.0, 0.0, 0.0, 0.0, 0.0, 0.0, 0.0, 7.96875, 0.0, 40.9375, 0.0, 0.0, 0.0, 0.0, 0.0, 0.0, 0.0, 3.28125, 4.6875, 5.625, 3.125, 5.9375, 5.9375, 7.8125, 6.875, 2.65625, 2.96875, 0.0, 4.6875, 0.0, 35.3125, 32.1875, 26.25, 20.3125, 12.5, 5.625, 2.96875, 0.0], [1.0, 0.0, 1.0, 0.0, 0.0, 0.0, 0.0, 0.0, 0.0, 0.0, 8.3671875, 0.0, 42.984375, 0.0, 0.0, 0.0, 0.0, 0.0, 0.0, 0.0, 3.4453125, 4.921875, 5.90625, 3.28125, 6.234375, 6.234375, 8.203125, 7.21875, 2.7890625, 3.1171875, 0.0, 4.921875, 0.0, 37.078125, 33.796875, 27.5625, 21.328125, 13.125, 5.90625, 3.1171875, 0.0], [1.0, 0.0, 1.0, 0.0, 0.0, 0.0, 0.0, 0.0, 0.0, 0.0, 8.466796875, 0.0, 43.49609375, 0.0, 0.0, 0.0, 0.0, 0.0, 0.0, 0.0, 3.486328125, 4.98046875, 5.9765625, 3.3203125, 6.30859375, 6.30859375, 8.30078125, 7.3046875, 2.822265625, 3.154296875, 0.0, 4.98046875, 0.0, 37.51953125, 34.19921875, 27.890625, 21.58203125, 13.28125, 5.9765625, 3.154296875, 0.0], [1.0, 0.0, 1.0, 0.0, 0.0, 0.0, 0.0, 0.0, 0.0, 0.0, 8.49169921875, 0.0, 43.6240234375, 0.0, 0.0, 0.0, 0.0, 0.0, 0.0, 0.0, 3.49658203125, 4.9951171875, 5.994140625, 3.330078125, 6.3271484375, 6.3271484375, 8.3251953125, 7.326171875, 2.83056640625, 3.16357421875, 0.0, 4.9951171875, 0.0, 37.6298828125, 34.2998046875, 27.97265625, 21.6455078125, 13.3203125, 5.994140625, 3.16357421875, 0.0], [1.0, 0.0, 1.0, 0.0, 0.0, 0.0, 0.0, 0.0, 0.0, 0.0, 8.4979248046875, 0.0, 43.656005859375, 0.0, 0.0, 0.0, 0.0, 0.0, 0.0, 0.0, 3.4991455078125, 4.998779296875, 5.99853515625, 3.33251953125, 6.331787109375, 6.331787109375, 8.331298828125, 7.33154296875, 2.8326416015625, 3.1658935546875, 0.0, 4.998779296875, 0.0, 37.657470703125, 34.324951171875, 27.9931640625, 21.661376953125, 13.330078125, 5.99853515625, 3.1658935546875, 0.0], [1.0, 0.0, 1.0, 0.0, 0.0, 0.0, 0.0, 0.0, 0.0, 0.0, 8.499481201171875, 0.0, 43.66400146484375, 0.0, 0.0, 0.0, 0.0, 0.0, 0.0, 0.0, 3.499786376953125, 4.99969482421875, 5.9996337890625, 3.3331298828125, 6.33294677734375, 6.33294677734375, 8.33282470703125, 7.3328857421875, 2.833160400390625, 3.166473388671875, 0.0, 4.99969482421875, 0.0, 37.66436767578125, 34.33123779296875, 27.998291015625, 21.66534423828125, 13.33251953125, 5.9996337890625, 3.166473388671875, 0.0]], [[1.0, 0.0, -0.0, 1.0, 0.0, 0.0, -0.0, 0.0, 0.0, -0.0, 18.75, 0.0, 0.0, 45.5, 0.0, 0.0, 0.0, 0.0, 0.0, 0.0, 5.25, 7.5, 6.0, 4.0, 7.5, 7.5, 10.5, 9.0, 3.25, 3.75, 0.0, 13.5, 6.0, 0.0, 41.5, 34.0, 26.5, 16.0, 7.0, 3.75, 0.0], [1.0, 0.0, 0.0, 1.0, 0.0, 0.0, 0.0, 0.0, 0.0, 0.0, 13.3125, 0.0, 0.0, 31.375, 0.0, 0.0, 0.0, 0.0, 0.0, 0.0, 3.9375, 5.625, 3.75, 2.75, 5.125, 5.125, 7.375, 6.25, 2.1875, 2.5625, 0.0, 9.375, 3.75, 0.0, 28.625, 23.5, 18.375, 11.0, 4.75, 2.5625, 0.0], [1.0, 0.0, 0.0, 1.0, 0.0, 0.0, 0.0, 0.0, 0.0, 0.0, 11.953125, 0.0, 0.0, 27.84375, 0.0, 0.0, 0.0, 0.0, 0.0, 0.0, 3.609375, 5.15625, 3.1875, 2.4375, 4.53125, 4.53125, 6.59375, 5.5625, 1.921875, 2.265625, 0.0, 8.34375, 3.1875, 0.0, 25.40625, 20.875, 16.34375, 9.75, 4.1875, 2.265625, 0.0], [1.0, 0.0, 0.0, 1.0, 0.0, 0.0, 0.0, 0.0, 0.0, 0.0, 11.61328125, 0.0, 0.0, 26.9609375, 0.0, 0.0, 0.0, 0.0, 0.0, 0.0, 3.52734375, 5.0390625, 3.046875, 2.359375, 4.3828125, 4.3828125, 6.3984375, 5.390625, 1.85546875, 2.19140625, 0.0, 8.0859375, 3.046875, 0.0, 24.6015625, 20.21875, 15.8359375, 9.4375, 4.046875, 2.19140625, 0.0], [1.0, 0.0, 0.0, 1.0, 0.0, 0.0, 0.0, 0.0, 0.0, 0.0, 11.5283203125, 0.0, 0.0, 26.740234375, 0.0, 0.0, 0.0, 0.0, 0.0, 0.0, 3.5068359375, 5.009765625, 3.01171875, 2.33984375, 4.345703125, 4.345703125, 6.349609375, 5.34765625, 1.8388671875, 2.1728515625, 0.0, 8.021484375, 3.01171875, 0.0, 24.400390625, 20.0546875, 15.708984375, 9.359375, 4.01171875, 2.1728515625, 0.0], [1.0, 0.0, 0.0, 1.0, 0.0, 0.0, 0.0, 0.0, 0.0, 0.0, 11.507080078125, 0.0, 0.0, 26.68505859375, 0.0, 0.0, 0.0, 0.0, 0.0, 0.0, 3.501708984375, 5.00244140625, 3.0029296875, 2.3349609375, 4.33642578125, 4.33642578125, 6.33740234375, 5.3369140625, 1.834716796875, 2.168212890625, 0.0, 8.00537109375, 3.0029296875, 0.0, 24.35009765625, 20.013671875, 15.67724609375, 9.33984375, 4.0029296875, 2.168212890625, 0.0], [1.0, 0.0, 0.0, 1.0, 0.0, 0.0, 0.0, 0.0, 0.0, 0.0, 11.50177001953125, 0.0, 0.0, 26.6712646484375, 0.0, 0.0, 0.0, 0.0, 0.0, 0.0, 3.50042724609375, 5.0006103515625, 3.000732421875, 2.333740234375, 4.3341064453125, 4.3341064453125, 6.3343505859375, 5.334228515625, 1.83367919921875, 2.16705322265625, 0.0, 8.0013427734375, 3.000732421875, 0.0, 24.3375244140625, 20.00341796875, 15.6693115234375, 9.3349609375, 4.000732421875, 2.16705322265625, 0.0], [1.0, 0.0, 0.0, 1.0, 0.0, 0.0, 0.0, 0.0, 0.0, 0.0, 11.500442504882812, 0.0, 0.0, 26.667816162109375, 0.0, 0.0, 0.0, 0.0, 0.0, 0.0, 3.5001068115234375, 5.000152587890625, 3.00018310546875, 2.33343505859375, 4.333526611328125, 4.333526611328125, 6.333587646484375, 5.33355712890625, 1.8334197998046875, 2.1667633056640625, 0.0, 8.000335693359375, 3.00018310546875, 0.0, 24.334381103515625, 20.0008544921875, 15.667327880859375, 9.333740234375, 4.00018310546875, 2.1667633056640625, 0.0]]]
numb_iter=15
numb_back=0
cpu_time=0.07608819007873535
max_iter=50

Potential results 
X_pot=[[1.0, 8.5, 3.5, 5.0, 0.0, 0.0, 5.0, 0.0, 1.0, 43.666666666666664, 6.0, 37.666666666666664, -0.0, 0.0, 3.3333333333333335, 34.33333333333333, 0.0, 0.0, 6.333333333333333, 27.999999999999996, 0.0, 0.0, 6.333333333333333, 21.666666666666664, -0.0, 0.0, 8.333333333333334, 13.333333333333332, -0.0, 0.0, 7.333333333333333, 6.0, -0.0, 0.0, 2.8333333333333335, 3.1666666666666665, -0.0, 0.0, 3.1666666666666665, 0], [1.0, 11.5, 3.5, 8.0, -0.0, 0.0, 5.0, 3.0, 0.0, 0.0, 3.0, 0.0, 1.0, 26.666666666666668, 2.333333333333333, 24.333333333333336, -0.0, 0.0, 4.333333333333334, 20.0, -0.0, 0.0, 4.333333333333334, 15.666666666666668, 0.0, 0.0, 6.333333333333333, 9.333333333333334, -0.0, 0.0, 5.333333333333334, 4.0, -0.0, 0.0, 1.8333333333333333, 2.166666666666667, 0.0, 0.0, 2.166666666666667, 0]]
Profits_pot=[320.2777777777777, 163.6111111111111]
cpu_time_pot=0.005712985992431641
SGM results CE 
ce=[[0. 0. 0. 0. 0. 0. 0. 0.]
 [0. 0. 0. 0. 0. 0. 0. 0.]
 [0. 0. 0. 0. 0. 0. 0. 0.]
 [0. 0. 0. 0. 0. 0. 0. 0.]
 [0. 0. 0. 0. 0. 0. 0. 0.]
 [0. 0. 0. 0. 0. 0. 0. 0.]
 [0. 0. 0. 0. 0. 0. 0. 0.]
 [0. 0. 0. 0. 0. 0. 0. 1.]]
Profits=[320.2671790542081, 163.62661097338423]
S=[[[1.0, 0.0, 1.0, -0.0, 0.0, 0.0, -0.0, -0.0, -0.0, -0.0, 12.75, 0.0, 58.5, 0.0, 0.0, 0.0, 0.0, 0.0, 0.0, 0.0, 5.25, 7.5, 7.5, 4.5, 8.5, 8.5, 11.5, 10.0, 3.75, 4.25, 0.0, 7.5, 0.0, 51.0, 46.5, 38.0, 29.5, 18.0, 8.0, 4.25, 0.0], [1.0, 0.0, 1.0, 0.0, 0.0, 0.0, 0.0, 0.0, 0.0, 0.0, 6.375, 0.0, 32.75, 0.0, 0.0, 0.0, 0.0, 0.0, 0.0, 0.0, 2.625, 3.75, 4.5, 2.5, 4.75, 4.75, 6.25, 5.5, 2.125, 2.375, 0.0, 3.75, 0.0, 28.25, 25.75, 21.0, 16.25, 10.0, 4.5, 2.375, 0.0], [1.0, 0.0, 1.0, -0.0, 0.0, 0.0, -0.0, -0.0, -0.0, -0.0, 7.96875, 0.0, 40.9375, 0.0, 0.0, 0.0, 0.0, 0.0, 0.0, 0.0, 3.28125, 4.6875, 5.625, 3.125, 5.9375, 5.9375, 7.8125, 6.875, 2.65625, 2.96875, 0.0, 4.6875, 0.0, 35.3125, 32.1875, 26.25, 20.3125, 12.5, 5.625, 2.96875, 0.0], [1.0, 0.0, 1.0, -0.0, 0.0, 0.0, -0.0, -0.0, -0.0, -0.0, 8.3671875, 0.0, 42.984375, 0.0, 0.0, 0.0, 0.0, 0.0, 0.0, 0.0, 3.4453125, 4.921875, 5.90625, 3.28125, 6.234375, 6.234375, 8.203125, 7.21875, 2.7890625, 3.1171875, 0.0, 4.921875, 0.0, 37.078125, 33.796875, 27.5625, 21.328125, 13.125, 5.90625, 3.1171875, 0.0], [1.0, 0.0, 1.0, -0.0, 0.0, 0.0, -0.0, -0.0, -0.0, -0.0, 8.466796875, 0.0, 43.49609375, 0.0, 0.0, 0.0, 0.0, 0.0, 0.0, 0.0, 3.486328125, 4.98046875, 5.9765625, 3.3203125, 6.30859375, 6.30859375, 8.30078125, 7.3046875, 2.822265625, 3.154296875, 0.0, 4.98046875, 0.0, 37.51953125, 34.19921875, 27.890625, 21.58203125, 13.28125, 5.9765625, 3.154296875, 0.0], [1.0, 0.0, 1.0, -0.0, 0.0, 0.0, -0.0, -0.0, -0.0, -0.0, 8.49169921875, 0.0, 43.6240234375, 0.0, 0.0, 0.0, 0.0, 0.0, 0.0, 0.0, 3.49658203125, 4.9951171875, 5.994140625, 3.330078125, 6.3271484375, 6.3271484375, 8.3251953125, 7.326171875, 2.83056640625, 3.16357421875, 0.0, 4.9951171875, 0.0, 37.6298828125, 34.2998046875, 27.97265625, 21.6455078125, 13.3203125, 5.994140625, 3.16357421875, 0.0], [1.0, 0.0, 1.0, -0.0, 0.0, 0.0, -0.0, -0.0, -0.0, -0.0, 8.4979248046875, 0.0, 43.656005859375, 0.0, 0.0, 0.0, 0.0, 0.0, 0.0, 0.0, 3.4991455078125, 4.998779296875, 5.99853515625, 3.33251953125, 6.331787109375, 6.331787109375, 8.331298828125, 7.33154296875, 2.8326416015625, 3.1658935546875, 0.0, 4.998779296875, 0.0, 37.657470703125, 34.324951171875, 27.9931640625, 21.661376953125, 13.330078125, 5.99853515625, 3.1658935546875, 0.0], [1.0, 0.0, 1.0, -0.0, 0.0, 0.0, -0.0, -0.0, -0.0, -0.0, 8.499481201171875, 0.0, 43.66400146484375, 0.0, 0.0, 0.0, 0.0, 0.0, 0.0, 0.0, 3.499786376953125, 4.99969482421875, 5.9996337890625, 3.3331298828125, 6.33294677734375, 6.33294677734375, 8.33282470703125, 7.3328857421875, 2.833160400390625, 3.166473388671875, 0.0, 4.99969482421875, 0.0, 37.66436767578125, 34.33123779296875, 27.998291015625, 21.66534423828125, 13.33251953125, 5.9996337890625, 3.166473388671875, 0.0]], [[1.0, 0.0, -0.0, 1.0, 0.0, 0.0, -0.0, 0.0, 0.0, -0.0, 18.75, 0.0, 0.0, 45.5, 0.0, 0.0, 0.0, 0.0, 0.0, 0.0, 5.25, 7.5, 6.0, 4.0, 7.5, 7.5, 10.5, 9.0, 3.25, 3.75, 0.0, 13.5, 6.0, 0.0, 41.5, 34.0, 26.5, 16.0, 7.0, 3.75, 0.0], [1.0, 0.0, 0.0, 1.0, 0.0, 0.0, 0.0, 0.0, 0.0, 0.0, 13.3125, 0.0, 0.0, 31.375, 0.0, 0.0, 0.0, 0.0, 0.0, 0.0, 3.9375, 5.625, 3.75, 2.75, 5.125, 5.125, 7.375, 6.25, 2.1875, 2.5625, 0.0, 9.375, 3.75, 0.0, 28.625, 23.5, 18.375, 11.0, 4.75, 2.5625, 0.0], [1.0, -0.0, 0.0, 1.0, -0.0, -0.0, -0.0, -0.0, -0.0, -0.0, 11.953125, 0.0, 0.0, 27.84375, 0.0, 0.0, 0.0, 0.0, 0.0, 0.0, 3.609375, 5.15625, 3.1875, 2.4375, 4.53125, 4.53125, 6.59375, 5.5625, 1.921875, 2.265625, 0.0, 8.34375, 3.1875, 0.0, 25.40625, 20.875, 16.34375, 9.75, 4.1875, 2.265625, 0.0], [1.0, -0.0, 0.0, 1.0, -0.0, -0.0, -0.0, -0.0, -0.0, -0.0, 11.61328125, 0.0, 0.0, 26.9609375, 0.0, 0.0, 0.0, 0.0, 0.0, 0.0, 3.52734375, 5.0390625, 3.046875, 2.359375, 4.3828125, 4.3828125, 6.3984375, 5.390625, 1.85546875, 2.19140625, 0.0, 8.0859375, 3.046875, 0.0, 24.6015625, 20.21875, 15.8359375, 9.4375, 4.046875, 2.19140625, 0.0], [1.0, -0.0, 0.0, 1.0, -0.0, -0.0, -0.0, -0.0, -0.0, -0.0, 11.5283203125, 0.0, 0.0, 26.740234375, 0.0, 0.0, 0.0, 0.0, 0.0, 0.0, 3.5068359375, 5.009765625, 3.01171875, 2.33984375, 4.345703125, 4.345703125, 6.349609375, 5.34765625, 1.8388671875, 2.1728515625, 0.0, 8.021484375, 3.01171875, 0.0, 24.400390625, 20.0546875, 15.708984375, 9.359375, 4.01171875, 2.1728515625, 0.0], [1.0, -0.0, 0.0, 1.0, -0.0, -0.0, -0.0, -0.0, -0.0, -0.0, 11.507080078125, 0.0, 0.0, 26.68505859375, 0.0, 0.0, 0.0, 0.0, 0.0, 0.0, 3.501708984375, 5.00244140625, 3.0029296875, 2.3349609375, 4.33642578125, 4.33642578125, 6.33740234375, 5.3369140625, 1.834716796875, 2.168212890625, 0.0, 8.00537109375, 3.0029296875, 0.0, 24.35009765625, 20.013671875, 15.67724609375, 9.33984375, 4.0029296875, 2.168212890625, 0.0], [1.0, -0.0, 0.0, 1.0, -0.0, -0.0, -0.0, -0.0, -0.0, -0.0, 11.50177001953125, 0.0, 0.0, 26.6712646484375, 0.0, 0.0, 0.0, 0.0, 0.0, 0.0, 3.50042724609375, 5.0006103515625, 3.000732421875, 2.333740234375, 4.3341064453125, 4.3341064453125, 6.3343505859375, 5.334228515625, 1.83367919921875, 2.16705322265625, 0.0, 8.0013427734375, 3.000732421875, 0.0, 24.3375244140625, 20.00341796875, 15.6693115234375, 9.3349609375, 4.000732421875, 2.16705322265625, 0.0], [1.0, -0.0, 0.0, 1.0, -0.0, -0.0, -0.0, -0.0, -0.0, -0.0, 11.500442504882812, 0.0, 0.0, 26.667816162109375, 0.0, 0.0, 0.0, 0.0, 0.0, 0.0, 3.5001068115234375, 5.000152587890625, 3.00018310546875, 2.33343505859375, 4.333526611328125, 4.333526611328125, 6.333587646484375, 5.33355712890625, 1.8334197998046875, 2.1667633056640625, 0.0, 8.000335693359375, 3.00018310546875, 0.0, 24.334381103515625, 20.0008544921875, 15.667327880859375, 9.333740234375, 4.00018310546875, 2.1667633056640625, 0.0]]]
numb_iter=15
cpu_time=0.33409976959228516
NE?=True
max_iter=1000

