m-SGM results 
ne=[0, 0, 0, 0, 0, 0, 0, 1.0, 0, 0, 0, 0, 0, 0, 0, 1.0]
Profits=[207.71496707294136, 345.07355436636135]
S=[[[1.0, -0.0, -0.0, -0.0, -0.0, 1.0, -0.0, -0.0, 0.0, -0.0, 35.5, 0.0, 0.0, 0.0, 0.0, 34.25, 0.0, 0.0, 0.0, 0.0, 11.0, 3.5, 5.5, 7.0, 8.5, 3.75, 5.5, 8.0, 9.0, 8.0, 0.0, 24.5, 21.0, 15.5, 8.5, 0.0, 30.5, 25.0, 17.0, 8.0, 0.0], [1.0, 0.0, 0.0, 0.0, 0.0, 1.0, 0.0, 0.0, 0.0, 0.0, 16.0, 0.0, 0.0, 0.0, 0.0, 16.125, 0.0, 0.0, 0.0, 0.0, 5.25, 1.5, 2.5, 3.0, 3.75, 1.75, 2.625, 3.75, 4.25, 3.75, 0.0, 10.75, 9.25, 6.75, 3.75, 0.0, 14.375, 11.75, 8.0, 3.75, 0.0], [1.0, 0.0, 0.0, 0.0, 0.0, 1.0, 0.0, 0.0, 0.0, 0.0, 20.0, 0.0, 0.0, 0.0, 0.0, 20.15625, 0.0, 0.0, 0.0, 0.0, 6.5625, 1.875, 3.125, 3.75, 4.6875, 2.1875, 3.28125, 4.6875, 5.3125, 4.6875, 0.0, 13.4375, 11.5625, 8.4375, 4.6875, 0.0, 17.96875, 14.6875, 10.0, 4.6875, 0.0], [1.0, 0.0, 0.0, 0.0, 0.0, 1.0, 0.0, 0.0, 0.0, 0.0, 21.0, 0.0, 0.0, 0.0, 0.0, 21.1640625, 0.0, 0.0, 0.0, 0.0, 6.890625, 1.96875, 3.28125, 3.9375, 4.921875, 2.296875, 3.4453125, 4.921875, 5.578125, 4.921875, 0.0, 14.109375, 12.140625, 8.859375, 4.921875, 0.0, 18.8671875, 15.421875, 10.5, 4.921875, 0.0], [1.0, 0.0, 0.0, 0.0, 0.0, 1.0, 0.0, 0.0, 0.0, 0.0, 21.25, 0.0, 0.0, 0.0, 0.0, 21.416015625, 0.0, 0.0, 0.0, 0.0, 6.97265625, 1.9921875, 3.3203125, 3.984375, 4.98046875, 2.32421875, 3.486328125, 4.98046875, 5.64453125, 4.98046875, 0.0, 14.27734375, 12.28515625, 8.96484375, 4.98046875, 0.0, 19.091796875, 15.60546875, 10.625, 4.98046875, 0.0], [1.0, 0.0, 0.0, 0.0, 0.0, 1.0, 0.0, 0.0, 0.0, 0.0, 21.3125, 0.0, 0.0, 0.0, 0.0, 21.47900390625, 0.0, 0.0, 0.0, 0.0, 6.9931640625, 1.998046875, 3.330078125, 3.99609375, 4.9951171875, 2.3310546875, 3.49658203125, 4.9951171875, 5.6611328125, 4.9951171875, 0.0, 14.3193359375, 12.3212890625, 8.9912109375, 4.9951171875, 0.0, 19.14794921875, 15.6513671875, 10.65625, 4.9951171875, 0.0], [1.0, 0.0, 0.0, 0.0, 0.0, 1.0, 0.0, 0.0, 0.0, 0.0, 21.328125, 0.0, 0.0, 0.0, 0.0, 21.4947509765625, 0.0, 0.0, 0.0, 0.0, 6.998291015625, 1.99951171875, 3.33251953125, 3.9990234375, 4.998779296875, 2.332763671875, 3.4991455078125, 4.998779296875, 5.665283203125, 4.998779296875, 0.0, 14.329833984375, 12.330322265625, 8.997802734375, 4.998779296875, 0.0, 19.1619873046875, 15.662841796875, 10.6640625, 4.998779296875, 0.0], [1.0, 0.0, 0.0, 0.0, 0.0, 1.0, 0.0, 0.0, 0.0, 0.0, 21.33203125, 0.0, 0.0, 0.0, 0.0, 21.498687744140625, 0.0, 0.0, 0.0, 0.0, 6.99957275390625, 1.9998779296875, 3.3331298828125, 3.999755859375, 4.99969482421875, 2.33319091796875, 3.499786376953125, 4.99969482421875, 5.66632080078125, 4.99969482421875, 0.0, 14.33245849609375, 12.33258056640625, 8.99945068359375, 4.99969482421875, 0.0, 19.165496826171875, 15.66571044921875, 10.666015625, 4.99969482421875, 0.0]], [[1.0, 1.0, 0.0, 0.0, 0.0, 0.0, 0.0, 0.0, 0.0, 0.0, 11.5, 63.75, 0.0, 0.0, 0.0, 0.0, 0.0, 0.0, 0.0, 0.0, 11.5, 4.0, 6.0, 8.0, 9.5, 4.0, 5.75, 8.5, 9.5, 8.5, 0.0, 0.0, 59.75, 53.75, 45.75, 36.25, 32.25, 26.5, 18.0, 8.5, 0.0], [1.0, 1.0, 0.0, 0.0, 0.0, 0.0, 0.0, 0.0, 0.0, 0.0, 8.875, 50.3125, 0.0, 0.0, 0.0, 0.0, 0.0, 0.0, 0.0, 0.0, 8.875, 3.25, 4.75, 6.5, 7.625, 3.125, 4.4375, 6.625, 7.375, 6.625, 0.0, 0.0, 47.0625, 42.3125, 35.8125, 28.1875, 25.0625, 20.625, 14.0, 6.625, 0.0], [1.0, 1.0, 0.0, 0.0, 0.0, 0.0, 0.0, 0.0, 0.0, 0.0, 8.21875, 46.953125, 0.0, 0.0, 0.0, 0.0, 0.0, 0.0, 0.0, 0.0, 8.21875, 3.0625, 4.4375, 6.125, 7.15625, 2.90625, 4.109375, 6.15625, 6.84375, 6.15625, 0.0, 0.0, 43.890625, 39.453125, 33.328125, 26.171875, 23.265625, 19.15625, 13.0, 6.15625, 0.0], [1.0, 1.0, 0.0, 0.0, 0.0, 0.0, 0.0, 0.0, 0.0, 0.0, 8.0546875, 46.11328125, 0.0, 0.0, 0.0, 0.0, 0.0, 0.0, 0.0, 0.0, 8.0546875, 3.015625, 4.359375, 6.03125, 7.0390625, 2.8515625, 4.02734375, 6.0390625, 6.7109375, 6.0390625, 0.0, 0.0, 43.09765625, 38.73828125, 32.70703125, 25.66796875, 22.81640625, 18.7890625, 12.75, 6.0390625, 0.0], [1.0, 1.0, 0.0, 0.0, 0.0, 0.0, 0.0, 0.0, 0.0, 0.0, 8.013671875, 45.9033203125, 0.0, 0.0, 0.0, 0.0, 0.0, 0.0, 0.0, 0.0, 8.013671875, 3.00390625, 4.33984375, 6.0078125, 7.009765625, 2.837890625, 4.0068359375, 6.009765625, 6.677734375, 6.009765625, 0.0, 0.0, 42.8994140625, 38.5595703125, 32.5517578125, 25.5419921875, 22.7041015625, 18.697265625, 12.6875, 6.009765625, 0.0], [1.0, 1.0, 0.0, 0.0, 0.0, 0.0, 0.0, 0.0, 0.0, 0.0, 8.00341796875, 45.850830078125, 0.0, 0.0, 0.0, 0.0, 0.0, 0.0, 0.0, 0.0, 8.00341796875, 3.0009765625, 4.3349609375, 6.001953125, 7.00244140625, 2.83447265625, 4.001708984375, 6.00244140625, 6.66943359375, 6.00244140625, 0.0, 0.0, 42.849853515625, 38.514892578125, 32.512939453125, 25.510498046875, 22.676025390625, 18.67431640625, 12.671875, 6.00244140625, 0.0], [1.0, 1.0, 0.0, 0.0, 0.0, 0.0, 0.0, 0.0, 0.0, 0.0, 8.0008544921875, 45.83770751953125, 0.0, 0.0, 0.0, 0.0, 0.0, 0.0, 0.0, 0.0, 8.0008544921875, 3.000244140625, 4.333740234375, 6.00048828125, 7.0006103515625, 2.8336181640625, 4.00042724609375, 6.0006103515625, 6.6673583984375, 6.0006103515625, 0.0, 0.0, 42.83746337890625, 38.50372314453125, 32.50323486328125, 25.50262451171875, 22.66900634765625, 18.6685791015625, 12.66796875, 6.0006103515625, 0.0], [1.0, 1.0, 0.0, 0.0, 0.0, 0.0, 0.0, 0.0, 0.0, 0.0, 8.000213623046875, 45.83442687988281, 0.0, 0.0, 0.0, 0.0, 0.0, 0.0, 0.0, 0.0, 8.000213623046875, 3.00006103515625, 4.33343505859375, 6.0001220703125, 7.000152587890625, 2.833404541015625, 4.0001068115234375, 6.000152587890625, 6.666839599609375, 6.000152587890625, 0.0, 0.0, 42.83436584472656, 38.50093078613281, 32.50080871582031, 25.500656127929688, 22.667251586914062, 18.667144775390625, 12.6669921875, 6.000152587890625, 0.0]]]
numb_iter=15
numb_back=0
cpu_time=0.08622455596923828
max_iter=50

SGM results 
ne=[0, 0, 0, 0, 0, 0, 0, 1.0, 0, 0, 0, 0, 0, 0, 0, 1.0]
Profits=[207.71496707294136, 345.07355436636135]
S=[[[1.0, -0.0, -0.0, -0.0, -0.0, 1.0, -0.0, -0.0, 0.0, -0.0, 35.5, 0.0, 0.0, 0.0, 0.0, 34.25, 0.0, 0.0, 0.0, 0.0, 11.0, 3.5, 5.5, 7.0, 8.5, 3.75, 5.5, 8.0, 9.0, 8.0, 0.0, 24.5, 21.0, 15.5, 8.5, 0.0, 30.5, 25.0, 17.0, 8.0, 0.0], [1.0, 0.0, 0.0, 0.0, 0.0, 1.0, 0.0, 0.0, 0.0, 0.0, 16.0, 0.0, 0.0, 0.0, 0.0, 16.125, 0.0, 0.0, 0.0, 0.0, 5.25, 1.5, 2.5, 3.0, 3.75, 1.75, 2.625, 3.75, 4.25, 3.75, 0.0, 10.75, 9.25, 6.75, 3.75, 0.0, 14.375, 11.75, 8.0, 3.75, 0.0], [1.0, 0.0, 0.0, 0.0, 0.0, 1.0, 0.0, 0.0, 0.0, 0.0, 20.0, 0.0, 0.0, 0.0, 0.0, 20.15625, 0.0, 0.0, 0.0, 0.0, 6.5625, 1.875, 3.125, 3.75, 4.6875, 2.1875, 3.28125, 4.6875, 5.3125, 4.6875, 0.0, 13.4375, 11.5625, 8.4375, 4.6875, 0.0, 17.96875, 14.6875, 10.0, 4.6875, 0.0], [1.0, 0.0, 0.0, 0.0, 0.0, 1.0, 0.0, 0.0, 0.0, 0.0, 21.0, 0.0, 0.0, 0.0, 0.0, 21.1640625, 0.0, 0.0, 0.0, 0.0, 6.890625, 1.96875, 3.28125, 3.9375, 4.921875, 2.296875, 3.4453125, 4.921875, 5.578125, 4.921875, 0.0, 14.109375, 12.140625, 8.859375, 4.921875, 0.0, 18.8671875, 15.421875, 10.5, 4.921875, 0.0], [1.0, 0.0, 0.0, 0.0, 0.0, 1.0, 0.0, 0.0, 0.0, 0.0, 21.25, 0.0, 0.0, 0.0, 0.0, 21.416015625, 0.0, 0.0, 0.0, 0.0, 6.97265625, 1.9921875, 3.3203125, 3.984375, 4.98046875, 2.32421875, 3.486328125, 4.98046875, 5.64453125, 4.98046875, 0.0, 14.27734375, 12.28515625, 8.96484375, 4.98046875, 0.0, 19.091796875, 15.60546875, 10.625, 4.98046875, 0.0], [1.0, 0.0, 0.0, 0.0, 0.0, 1.0, 0.0, 0.0, 0.0, 0.0, 21.3125, 0.0, 0.0, 0.0, 0.0, 21.47900390625, 0.0, 0.0, 0.0, 0.0, 6.9931640625, 1.998046875, 3.330078125, 3.99609375, 4.9951171875, 2.3310546875, 3.49658203125, 4.9951171875, 5.6611328125, 4.9951171875, 0.0, 14.3193359375, 12.3212890625, 8.9912109375, 4.9951171875, 0.0, 19.14794921875, 15.6513671875, 10.65625, 4.9951171875, 0.0], [1.0, 0.0, 0.0, 0.0, 0.0, 1.0, 0.0, 0.0, 0.0, 0.0, 21.328125, 0.0, 0.0, 0.0, 0.0, 21.4947509765625, 0.0, 0.0, 0.0, 0.0, 6.998291015625, 1.99951171875, 3.33251953125, 3.9990234375, 4.998779296875, 2.332763671875, 3.4991455078125, 4.998779296875, 5.665283203125, 4.998779296875, 0.0, 14.329833984375, 12.330322265625, 8.997802734375, 4.998779296875, 0.0, 19.1619873046875, 15.662841796875, 10.6640625, 4.998779296875, 0.0], [1.0, 0.0, 0.0, 0.0, 0.0, 1.0, 0.0, 0.0, 0.0, 0.0, 21.33203125, 0.0, 0.0, 0.0, 0.0, 21.498687744140625, 0.0, 0.0, 0.0, 0.0, 6.99957275390625, 1.9998779296875, 3.3331298828125, 3.999755859375, 4.99969482421875, 2.33319091796875, 3.499786376953125, 4.99969482421875, 5.66632080078125, 4.99969482421875, 0.0, 14.33245849609375, 12.33258056640625, 8.99945068359375, 4.99969482421875, 0.0, 19.165496826171875, 15.66571044921875, 10.666015625, 4.99969482421875, 0.0]], [[1.0, 1.0, 0.0, 0.0, 0.0, 0.0, 0.0, 0.0, 0.0, 0.0, 11.5, 63.75, 0.0, 0.0, 0.0, 0.0, 0.0, 0.0, 0.0, 0.0, 11.5, 4.0, 6.0, 8.0, 9.5, 4.0, 5.75, 8.5, 9.5, 8.5, 0.0, 0.0, 59.75, 53.75, 45.75, 36.25, 32.25, 26.5, 18.0, 8.5, 0.0], [1.0, 1.0, 0.0, 0.0, 0.0, 0.0, 0.0, 0.0, 0.0, 0.0, 8.875, 50.3125, 0.0, 0.0, 0.0, 0.0, 0.0, 0.0, 0.0, 0.0, 8.875, 3.25, 4.75, 6.5, 7.625, 3.125, 4.4375, 6.625, 7.375, 6.625, 0.0, 0.0, 47.0625, 42.3125, 35.8125, 28.1875, 25.0625, 20.625, 14.0, 6.625, 0.0], [1.0, 1.0, 0.0, 0.0, 0.0, 0.0, 0.0, 0.0, 0.0, 0.0, 8.21875, 46.953125, 0.0, 0.0, 0.0, 0.0, 0.0, 0.0, 0.0, 0.0, 8.21875, 3.0625, 4.4375, 6.125, 7.15625, 2.90625, 4.109375, 6.15625, 6.84375, 6.15625, 0.0, 0.0, 43.890625, 39.453125, 33.328125, 26.171875, 23.265625, 19.15625, 13.0, 6.15625, 0.0], [1.0, 1.0, 0.0, 0.0, 0.0, 0.0, 0.0, 0.0, 0.0, 0.0, 8.0546875, 46.11328125, 0.0, 0.0, 0.0, 0.0, 0.0, 0.0, 0.0, 0.0, 8.0546875, 3.015625, 4.359375, 6.03125, 7.0390625, 2.8515625, 4.02734375, 6.0390625, 6.7109375, 6.0390625, 0.0, 0.0, 43.09765625, 38.73828125, 32.70703125, 25.66796875, 22.81640625, 18.7890625, 12.75, 6.0390625, 0.0], [1.0, 1.0, 0.0, 0.0, 0.0, 0.0, 0.0, 0.0, 0.0, 0.0, 8.013671875, 45.9033203125, 0.0, 0.0, 0.0, 0.0, 0.0, 0.0, 0.0, 0.0, 8.013671875, 3.00390625, 4.33984375, 6.0078125, 7.009765625, 2.837890625, 4.0068359375, 6.009765625, 6.677734375, 6.009765625, 0.0, 0.0, 42.8994140625, 38.5595703125, 32.5517578125, 25.5419921875, 22.7041015625, 18.697265625, 12.6875, 6.009765625, 0.0], [1.0, 1.0, 0.0, 0.0, 0.0, 0.0, 0.0, 0.0, 0.0, 0.0, 8.00341796875, 45.850830078125, 0.0, 0.0, 0.0, 0.0, 0.0, 0.0, 0.0, 0.0, 8.00341796875, 3.0009765625, 4.3349609375, 6.001953125, 7.00244140625, 2.83447265625, 4.001708984375, 6.00244140625, 6.66943359375, 6.00244140625, 0.0, 0.0, 42.849853515625, 38.514892578125, 32.512939453125, 25.510498046875, 22.676025390625, 18.67431640625, 12.671875, 6.00244140625, 0.0], [1.0, 1.0, 0.0, 0.0, 0.0, 0.0, 0.0, 0.0, 0.0, 0.0, 8.0008544921875, 45.83770751953125, 0.0, 0.0, 0.0, 0.0, 0.0, 0.0, 0.0, 0.0, 8.0008544921875, 3.000244140625, 4.333740234375, 6.00048828125, 7.0006103515625, 2.8336181640625, 4.00042724609375, 6.0006103515625, 6.6673583984375, 6.0006103515625, 0.0, 0.0, 42.83746337890625, 38.50372314453125, 32.50323486328125, 25.50262451171875, 22.66900634765625, 18.6685791015625, 12.66796875, 6.0006103515625, 0.0], [1.0, 1.0, 0.0, 0.0, 0.0, 0.0, 0.0, 0.0, 0.0, 0.0, 8.000213623046875, 45.83442687988281, 0.0, 0.0, 0.0, 0.0, 0.0, 0.0, 0.0, 0.0, 8.000213623046875, 3.00006103515625, 4.33343505859375, 6.0001220703125, 7.000152587890625, 2.833404541015625, 4.0001068115234375, 6.000152587890625, 6.666839599609375, 6.000152587890625, 0.0, 0.0, 42.83436584472656, 38.50093078613281, 32.50080871582031, 25.500656127929688, 22.667251586914062, 18.667144775390625, 12.6669921875, 6.000152587890625, 0.0]]]
numb_iter=15
numb_back=0
cpu_time=0.07078146934509277
max_iter=50

Potential results 
X_pot=[[1.0, 21.333333333333336, 7.0, 14.333333333333334, 0.0, 0.0, 2.0, 12.333333333333334, 0.0, 0.0, 3.3333333333333335, 9.0, -0.0, 0.0, 4.0, 5.0, -0.0, 0.0, 5.0, 0.0, 1.0, 21.499999999999996, 2.333333333333333, 19.166666666666664, -0.0, 0.0, 3.5, 15.666666666666666, -0.0, 0.0, 5.0, 10.666666666666666, 0.0, 0.0, 5.666666666666666, 5.0, -0.0, 0.0, 5.0, 0], [1.0, 8.0, 8.0, 0.0, 1.0, 45.833333333333336, 3.0, 42.833333333333336, 0.0, 0.0, 4.333333333333333, 38.5, -0.0, 0.0, 6.0, 32.5, -0.0, 0.0, 7.0, 25.5, -0.0, 0.0, 2.8333333333333335, 22.666666666666668, -0.0, 0.0, 4.0, 18.666666666666668, 0.0, 0.0, 6.0, 12.666666666666668, -0.0, 0.0, 6.666666666666667, 6.0, -0.0, 0.0, 6.0, 0]]
Profits_pot=[207.72222222222226, 345.05555555555554]
cpu_time_pot=0.00423121452331543
SGM results CE 
ce=[[0. 0. 0. 0. 0. 0. 0. 0.]
 [0. 0. 0. 0. 0. 0. 0. 0.]
 [0. 0. 0. 0. 0. 0. 0. 0.]
 [0. 0. 0. 0. 0. 0. 0. 0.]
 [0. 0. 0. 0. 0. 0. 0. 0.]
 [0. 0. 0. 0. 0. 0. 0. 0.]
 [0. 0. 0. 0. 0. 0. 0. 0.]
 [0. 0. 0. 0. 0. 0. 0. 1.]]
Profits=[207.71496707294136, 345.07355436636135]
S=[[[1.0, -0.0, -0.0, -0.0, -0.0, 1.0, -0.0, -0.0, 0.0, -0.0, 35.5, 0.0, 0.0, 0.0, 0.0, 34.25, 0.0, 0.0, 0.0, 0.0, 11.0, 3.5, 5.5, 7.0, 8.5, 3.75, 5.5, 8.0, 9.0, 8.0, 0.0, 24.5, 21.0, 15.5, 8.5, 0.0, 30.5, 25.0, 17.0, 8.0, 0.0], [1.0, 0.0, 0.0, 0.0, 0.0, 1.0, 0.0, 0.0, 0.0, 0.0, 16.0, 0.0, 0.0, 0.0, 0.0, 16.125, 0.0, 0.0, 0.0, 0.0, 5.25, 1.5, 2.5, 3.0, 3.75, 1.75, 2.625, 3.75, 4.25, 3.75, 0.0, 10.75, 9.25, 6.75, 3.75, 0.0, 14.375, 11.75, 8.0, 3.75, 0.0], [1.0, -0.0, -0.0, -0.0, -0.0, 1.0, -0.0, -0.0, 0.0, -0.0, 20.0, 0.0, 0.0, 0.0, 0.0, 20.15625, 0.0, 0.0, 0.0, 0.0, 6.5625, 1.875, 3.125, 3.75, 4.6875, 2.1875, 3.28125, 4.6875, 5.3125, 4.6875, 0.0, 13.4375, 11.5625, 8.4375, 4.6875, 0.0, 17.96875, 14.6875, 10.0, 4.6875, 0.0], [1.0, -0.0, -0.0, -0.0, -0.0, 1.0, -0.0, -0.0, 0.0, -0.0, 21.0, 0.0, 0.0, 0.0, 0.0, 21.1640625, 0.0, 0.0, 0.0, 0.0, 6.890625, 1.96875, 3.28125, 3.9375, 4.921875, 2.296875, 3.4453125, 4.921875, 5.578125, 4.921875, 0.0, 14.109375, 12.140625, 8.859375, 4.921875, 0.0, 18.8671875, 15.421875, 10.5, 4.921875, 0.0], [1.0, -0.0, -0.0, -0.0, -0.0, 1.0, -0.0, -0.0, 0.0, -0.0, 21.25, 0.0, 0.0, 0.0, 0.0, 21.416015625, 0.0, 0.0, 0.0, 0.0, 6.97265625, 1.9921875, 3.3203125, 3.984375, 4.98046875, 2.32421875, 3.486328125, 4.98046875, 5.64453125, 4.98046875, 0.0, 14.27734375, 12.28515625, 8.96484375, 4.98046875, 0.0, 19.091796875, 15.60546875, 10.625, 4.98046875, 0.0], [1.0, -0.0, -0.0, -0.0, -0.0, 1.0, -0.0, -0.0, 0.0, -0.0, 21.3125, 0.0, 0.0, 0.0, 0.0, 21.47900390625, 0.0, 0.0, 0.0, 0.0, 6.9931640625, 1.998046875, 3.330078125, 3.99609375, 4.9951171875, 2.3310546875, 3.49658203125, 4.9951171875, 5.6611328125, 4.9951171875, 0.0, 14.3193359375, 12.3212890625, 8.9912109375, 4.9951171875, 0.0, 19.14794921875, 15.6513671875, 10.65625, 4.9951171875, 0.0], [1.0, -0.0, -0.0, -0.0, -0.0, 1.0, -0.0, -0.0, 0.0, -0.0, 21.328125, 0.0, 0.0, 0.0, 0.0, 21.4947509765625, 0.0, 0.0, 0.0, 0.0, 6.998291015625, 1.99951171875, 3.33251953125, 3.9990234375, 4.998779296875, 2.332763671875, 3.4991455078125, 4.998779296875, 5.665283203125, 4.998779296875, 0.0, 14.329833984375, 12.330322265625, 8.997802734375, 4.998779296875, 0.0, 19.1619873046875, 15.662841796875, 10.6640625, 4.998779296875, 0.0], [1.0, -0.0, -0.0, -0.0, -0.0, 1.0, -0.0, -0.0, 0.0, -0.0, 21.33203125, 0.0, 0.0, 0.0, 0.0, 21.498687744140625, 0.0, 0.0, 0.0, 0.0, 6.99957275390625, 1.9998779296875, 3.3331298828125, 3.999755859375, 4.99969482421875, 2.33319091796875, 3.499786376953125, 4.99969482421875, 5.66632080078125, 4.99969482421875, 0.0, 14.33245849609375, 12.33258056640625, 8.99945068359375, 4.99969482421875, 0.0, 19.165496826171875, 15.66571044921875, 10.666015625, 4.99969482421875, 0.0]], [[1.0, 1.0, 0.0, 0.0, 0.0, 0.0, 0.0, 0.0, 0.0, 0.0, 11.5, 63.75, 0.0, 0.0, 0.0, 0.0, 0.0, 0.0, 0.0, 0.0, 11.5, 4.0, 6.0, 8.0, 9.5, 4.0, 5.75, 8.5, 9.5, 8.5, 0.0, 0.0, 59.75, 53.75, 45.75, 36.25, 32.25, 26.5, 18.0, 8.5, 0.0], [1.0, 1.0, 0.0, 0.0, 0.0, 0.0, 0.0, 0.0, 0.0, 0.0, 8.875, 50.3125, 0.0, 0.0, 0.0, 0.0, 0.0, 0.0, 0.0, 0.0, 8.875, 3.25, 4.75, 6.5, 7.625, 3.125, 4.4375, 6.625, 7.375, 6.625, 0.0, 0.0, 47.0625, 42.3125, 35.8125, 28.1875, 25.0625, 20.625, 14.0, 6.625, 0.0], [1.0, 1.0, 0.0, 0.0, 0.0, 0.0, 0.0, 0.0, 0.0, 0.0, 8.21875, 46.953125, 0.0, 0.0, 0.0, 0.0, 0.0, 0.0, 0.0, 0.0, 8.21875, 3.0625, 4.4375, 6.125, 7.15625, 2.90625, 4.109375, 6.15625, 6.84375, 6.15625, 0.0, 0.0, 43.890625, 39.453125, 33.328125, 26.171875, 23.265625, 19.15625, 13.0, 6.15625, 0.0], [1.0, 1.0, 0.0, 0.0, 0.0, 0.0, 0.0, 0.0, 0.0, 0.0, 8.0546875, 46.11328125, 0.0, 0.0, 0.0, 0.0, 0.0, 0.0, 0.0, 0.0, 8.0546875, 3.015625, 4.359375, 6.03125, 7.0390625, 2.8515625, 4.02734375, 6.0390625, 6.7109375, 6.0390625, 0.0, 0.0, 43.09765625, 38.73828125, 32.70703125, 25.66796875, 22.81640625, 18.7890625, 12.75, 6.0390625, 0.0], [1.0, 1.0, 0.0, 0.0, 0.0, 0.0, 0.0, 0.0, 0.0, 0.0, 8.013671875, 45.9033203125, 0.0, 0.0, 0.0, 0.0, 0.0, 0.0, 0.0, 0.0, 8.013671875, 3.00390625, 4.33984375, 6.0078125, 7.009765625, 2.837890625, 4.0068359375, 6.009765625, 6.677734375, 6.009765625, 0.0, 0.0, 42.8994140625, 38.5595703125, 32.5517578125, 25.5419921875, 22.7041015625, 18.697265625, 12.6875, 6.009765625, 0.0], [1.0, 1.0, 0.0, 0.0, 0.0, 0.0, 0.0, 0.0, 0.0, 0.0, 8.00341796875, 45.850830078125, 0.0, 0.0, 0.0, 0.0, 0.0, 0.0, 0.0, 0.0, 8.00341796875, 3.0009765625, 4.3349609375, 6.001953125, 7.00244140625, 2.83447265625, 4.001708984375, 6.00244140625, 6.66943359375, 6.00244140625, 0.0, 0.0, 42.849853515625, 38.514892578125, 32.512939453125, 25.510498046875, 22.676025390625, 18.67431640625, 12.671875, 6.00244140625, 0.0], [1.0, 1.0, 0.0, 0.0, 0.0, 0.0, 0.0, 0.0, 0.0, 0.0, 8.0008544921875, 45.83770751953125, 0.0, 0.0, 0.0, 0.0, 0.0, 0.0, 0.0, 0.0, 8.0008544921875, 3.000244140625, 4.333740234375, 6.00048828125, 7.0006103515625, 2.8336181640625, 4.00042724609375, 6.0006103515625, 6.6673583984375, 6.0006103515625, 0.0, 0.0, 42.83746337890625, 38.50372314453125, 32.50323486328125, 25.50262451171875, 22.66900634765625, 18.6685791015625, 12.66796875, 6.0006103515625, 0.0], [1.0, 1.0, 0.0, 0.0, 0.0, 0.0, 0.0, 0.0, 0.0, 0.0, 8.000213623046875, 45.83442687988281, 0.0, 0.0, 0.0, 0.0, 0.0, 0.0, 0.0, 0.0, 8.000213623046875, 3.00006103515625, 4.33343505859375, 6.0001220703125, 7.000152587890625, 2.833404541015625, 4.0001068115234375, 6.000152587890625, 6.666839599609375, 6.000152587890625, 0.0, 0.0, 42.83436584472656, 38.50093078613281, 32.50080871582031, 25.500656127929688, 22.667251586914062, 18.667144775390625, 12.6669921875, 6.000152587890625, 0.0]]]
numb_iter=15
cpu_time=0.34328341484069824
NE?=True
max_iter=1000

