m-SGM results 
ne=[0, 0, 0, 0, 0, 0, 0, 1.0, 0, 0, 0, 0, 0, 0, 0, 1.0]
Profits=[380.71008396241814, 383.74649763060734]
S=[[[1.0, -0.0, -0.0, -0.0, -0.0, -0.0, -0.0, -0.0, 0.0, -0.0, 84.25, 0.0, 0.0, 0.0, 0.0, 0.0, 0.0, 0.0, 0.0, 0.0, 10.0, 10.0, 4.25, 12.0, 5.0, 11.5, 10.0, 5.5, 6.0, 10.0, 0.0, 74.25, 64.25, 60.0, 48.0, 43.0, 31.5, 21.5, 16.0, 10.0, 0.0], [1.0, 0.0, 0.0, 0.0, 0.0, 0.0, 0.0, 0.0, 0.0, 0.0, 42.125, 0.0, 0.0, 0.0, 0.0, 0.0, 0.0, 0.0, 0.0, 0.0, 5.0, 5.0, 2.125, 6.0, 2.5, 5.75, 5.0, 2.75, 3.0, 5.0, 0.0, 37.125, 32.125, 30.0, 24.0, 21.5, 15.75, 10.75, 8.0, 5.0, 0.0], [1.0, 0.0, 0.0, 0.0, 0.0, 0.0, 0.0, 0.0, 0.0, 0.0, 52.65625, 0.0, 0.0, 0.0, 0.0, 0.0, 0.0, 0.0, 0.0, 0.0, 6.25, 6.25, 2.65625, 7.5, 3.125, 7.1875, 6.25, 3.4375, 3.75, 6.25, 0.0, 46.40625, 40.15625, 37.5, 30.0, 26.875, 19.6875, 13.4375, 10.0, 6.25, 0.0], [1.0, 0.0, 0.0, 0.0, 0.0, 0.0, 0.0, 0.0, 0.0, 0.0, 55.2890625, 0.0, 0.0, 0.0, 0.0, 0.0, 0.0, 0.0, 0.0, 0.0, 6.5625, 6.5625, 2.7890625, 7.875, 3.28125, 7.546875, 6.5625, 3.609375, 3.9375, 6.5625, 0.0, 48.7265625, 42.1640625, 39.375, 31.5, 28.21875, 20.671875, 14.109375, 10.5, 6.5625, 0.0], [1.0, 0.0, 0.0, 0.0, 0.0, 0.0, 0.0, 0.0, 0.0, 0.0, 55.947265625, 0.0, 0.0, 0.0, 0.0, 0.0, 0.0, 0.0, 0.0, 0.0, 6.640625, 6.640625, 2.822265625, 7.96875, 3.3203125, 7.63671875, 6.640625, 3.65234375, 3.984375, 6.640625, 0.0, 49.306640625, 42.666015625, 39.84375, 31.875, 28.5546875, 20.91796875, 14.27734375, 10.625, 6.640625, 0.0], [1.0, 0.0, 0.0, 0.0, 0.0, 0.0, 0.0, 0.0, 0.0, 0.0, 56.11181640625, 0.0, 0.0, 0.0, 0.0, 0.0, 0.0, 0.0, 0.0, 0.0, 6.66015625, 6.66015625, 2.83056640625, 7.9921875, 3.330078125, 7.6591796875, 6.66015625, 3.6630859375, 3.99609375, 6.66015625, 0.0, 49.45166015625, 42.79150390625, 39.9609375, 31.96875, 28.638671875, 20.9794921875, 14.3193359375, 10.65625, 6.66015625, 0.0], [1.0, 0.0, 0.0, 0.0, 0.0, 0.0, 0.0, 0.0, 0.0, 0.0, 56.1529541015625, 0.0, 0.0, 0.0, 0.0, 0.0, 0.0, 0.0, 0.0, 0.0, 6.6650390625, 6.6650390625, 2.8326416015625, 7.998046875, 3.33251953125, 7.664794921875, 6.6650390625, 3.665771484375, 3.9990234375, 6.6650390625, 0.0, 49.4879150390625, 42.8228759765625, 39.990234375, 31.9921875, 28.65966796875, 20.994873046875, 14.329833984375, 10.6640625, 6.6650390625, 0.0], [1.0, 0.0, 0.0, 0.0, 0.0, 0.0, 0.0, 0.0, 0.0, 0.0, 56.163238525390625, 0.0, 0.0, 0.0, 0.0, 0.0, 0.0, 0.0, 0.0, 0.0, 6.666259765625, 6.666259765625, 2.833160400390625, 7.99951171875, 3.3331298828125, 7.66619873046875, 6.666259765625, 3.66644287109375, 3.999755859375, 6.666259765625, 0.0, 49.496978759765625, 42.830718994140625, 39.99755859375, 31.998046875, 28.6649169921875, 20.99871826171875, 14.33245849609375, 10.666015625, 6.666259765625, 0.0]], [[1.0, -0.0, -0.0, -0.0, -0.0, -0.0, -0.0, -0.0, -0.0, -0.0, 84.25, 0.0, 0.0, 0.0, 0.0, 0.0, 0.0, 0.0, 0.0, 0.0, 10.0, 10.0, 4.25, 12.0, 5.0, 11.5, 10.0, 5.5, 6.0, 10.0, 0.0, 74.25, 64.25, 60.0, 48.0, 43.0, 31.5, 21.5, 16.0, 10.0, 0.0], [1.0, 0.0, 0.0, 0.0, 0.0, 0.0, 0.0, 0.0, 0.0, 0.0, 63.1875, 0.0, 0.0, 0.0, 0.0, 0.0, 0.0, 0.0, 0.0, 0.0, 7.5, 7.5, 3.1875, 9.0, 3.75, 8.625, 7.5, 4.125, 4.5, 7.5, 0.0, 55.6875, 48.1875, 45.0, 36.0, 32.25, 23.625, 16.125, 12.0, 7.5, 0.0], [1.0, 0.0, 0.0, 0.0, 0.0, 0.0, 0.0, 0.0, 0.0, 0.0, 57.921875, 0.0, 0.0, 0.0, 0.0, 0.0, 0.0, 0.0, 0.0, 0.0, 6.875, 6.875, 2.921875, 8.25, 3.4375, 7.90625, 6.875, 3.78125, 4.125, 6.875, 0.0, 51.046875, 44.171875, 41.25, 33.0, 29.5625, 21.65625, 14.78125, 11.0, 6.875, 0.0], [1.0, 0.0, 0.0, 0.0, 0.0, 0.0, 0.0, 0.0, 0.0, 0.0, 56.60546875, 0.0, 0.0, 0.0, 0.0, 0.0, 0.0, 0.0, 0.0, 0.0, 6.71875, 6.71875, 2.85546875, 8.0625, 3.359375, 7.7265625, 6.71875, 3.6953125, 4.03125, 6.71875, 0.0, 49.88671875, 43.16796875, 40.3125, 32.25, 28.890625, 21.1640625, 14.4453125, 10.75, 6.71875, 0.0], [1.0, 0.0, 0.0, 0.0, 0.0, 0.0, 0.0, 0.0, 0.0, 0.0, 56.2763671875, 0.0, 0.0, 0.0, 0.0, 0.0, 0.0, 0.0, 0.0, 0.0, 6.6796875, 6.6796875, 2.8388671875, 8.015625, 3.33984375, 7.681640625, 6.6796875, 3.673828125, 4.0078125, 6.6796875, 0.0, 49.5966796875, 42.9169921875, 40.078125, 32.0625, 28.72265625, 21.041015625, 14.361328125, 10.6875, 6.6796875, 0.0], [1.0, 0.0, 0.0, 0.0, 0.0, 0.0, 0.0, 0.0, 0.0, 0.0, 56.194091796875, 0.0, 0.0, 0.0, 0.0, 0.0, 0.0, 0.0, 0.0, 0.0, 6.669921875, 6.669921875, 2.834716796875, 8.00390625, 3.3349609375, 7.67041015625, 6.669921875, 3.66845703125, 4.001953125, 6.669921875, 0.0, 49.524169921875, 42.854248046875, 40.01953125, 32.015625, 28.6806640625, 21.01025390625, 14.34033203125, 10.671875, 6.669921875, 0.0], [1.0, 0.0, 0.0, 0.0, 0.0, 0.0, 0.0, 0.0, 0.0, 0.0, 56.17352294921875, 0.0, 0.0, 0.0, 0.0, 0.0, 0.0, 0.0, 0.0, 0.0, 6.66748046875, 6.66748046875, 2.83367919921875, 8.0009765625, 3.333740234375, 7.6676025390625, 6.66748046875, 3.6671142578125, 4.00048828125, 6.66748046875, 0.0, 49.50604248046875, 42.83856201171875, 40.0048828125, 32.00390625, 28.670166015625, 21.0025634765625, 14.3350830078125, 10.66796875, 6.66748046875, 0.0], [1.0, 0.0, 0.0, 0.0, 0.0, 0.0, 0.0, 0.0, 0.0, 0.0, 56.16838073730469, 0.0, 0.0, 0.0, 0.0, 0.0, 0.0, 0.0, 0.0, 0.0, 6.6668701171875, 6.6668701171875, 2.8334197998046875, 8.000244140625, 3.33343505859375, 7.666900634765625, 6.6668701171875, 3.666778564453125, 4.0001220703125, 6.6668701171875, 0.0, 49.50151062011719, 42.83464050292969, 40.001220703125, 32.0009765625, 28.66754150390625, 21.000640869140625, 14.333770751953125, 10.6669921875, 6.6668701171875, 0.0]]]
numb_iter=15
numb_back=0
cpu_time=0.06346726417541504
max_iter=50

SGM results 
ne=[0, 0, 0, 0, 0, 0, 0, 1.0, 0, 0, 0, 0, 0, 0, 0, 1.0]
Profits=[380.71008396241814, 383.74649763060734]
S=[[[1.0, -0.0, -0.0, -0.0, -0.0, -0.0, -0.0, -0.0, 0.0, -0.0, 84.25, 0.0, 0.0, 0.0, 0.0, 0.0, 0.0, 0.0, 0.0, 0.0, 10.0, 10.0, 4.25, 12.0, 5.0, 11.5, 10.0, 5.5, 6.0, 10.0, 0.0, 74.25, 64.25, 60.0, 48.0, 43.0, 31.5, 21.5, 16.0, 10.0, 0.0], [1.0, 0.0, 0.0, 0.0, 0.0, 0.0, 0.0, 0.0, 0.0, 0.0, 42.125, 0.0, 0.0, 0.0, 0.0, 0.0, 0.0, 0.0, 0.0, 0.0, 5.0, 5.0, 2.125, 6.0, 2.5, 5.75, 5.0, 2.75, 3.0, 5.0, 0.0, 37.125, 32.125, 30.0, 24.0, 21.5, 15.75, 10.75, 8.0, 5.0, 0.0], [1.0, 0.0, 0.0, 0.0, 0.0, 0.0, 0.0, 0.0, 0.0, 0.0, 52.65625, 0.0, 0.0, 0.0, 0.0, 0.0, 0.0, 0.0, 0.0, 0.0, 6.25, 6.25, 2.65625, 7.5, 3.125, 7.1875, 6.25, 3.4375, 3.75, 6.25, 0.0, 46.40625, 40.15625, 37.5, 30.0, 26.875, 19.6875, 13.4375, 10.0, 6.25, 0.0], [1.0, 0.0, 0.0, 0.0, 0.0, 0.0, 0.0, 0.0, 0.0, 0.0, 55.2890625, 0.0, 0.0, 0.0, 0.0, 0.0, 0.0, 0.0, 0.0, 0.0, 6.5625, 6.5625, 2.7890625, 7.875, 3.28125, 7.546875, 6.5625, 3.609375, 3.9375, 6.5625, 0.0, 48.7265625, 42.1640625, 39.375, 31.5, 28.21875, 20.671875, 14.109375, 10.5, 6.5625, 0.0], [1.0, 0.0, 0.0, 0.0, 0.0, 0.0, 0.0, 0.0, 0.0, 0.0, 55.947265625, 0.0, 0.0, 0.0, 0.0, 0.0, 0.0, 0.0, 0.0, 0.0, 6.640625, 6.640625, 2.822265625, 7.96875, 3.3203125, 7.63671875, 6.640625, 3.65234375, 3.984375, 6.640625, 0.0, 49.306640625, 42.666015625, 39.84375, 31.875, 28.5546875, 20.91796875, 14.27734375, 10.625, 6.640625, 0.0], [1.0, 0.0, 0.0, 0.0, 0.0, 0.0, 0.0, 0.0, 0.0, 0.0, 56.11181640625, 0.0, 0.0, 0.0, 0.0, 0.0, 0.0, 0.0, 0.0, 0.0, 6.66015625, 6.66015625, 2.83056640625, 7.9921875, 3.330078125, 7.6591796875, 6.66015625, 3.6630859375, 3.99609375, 6.66015625, 0.0, 49.45166015625, 42.79150390625, 39.9609375, 31.96875, 28.638671875, 20.9794921875, 14.3193359375, 10.65625, 6.66015625, 0.0], [1.0, 0.0, 0.0, 0.0, 0.0, 0.0, 0.0, 0.0, 0.0, 0.0, 56.1529541015625, 0.0, 0.0, 0.0, 0.0, 0.0, 0.0, 0.0, 0.0, 0.0, 6.6650390625, 6.6650390625, 2.8326416015625, 7.998046875, 3.33251953125, 7.664794921875, 6.6650390625, 3.665771484375, 3.9990234375, 6.6650390625, 0.0, 49.4879150390625, 42.8228759765625, 39.990234375, 31.9921875, 28.65966796875, 20.994873046875, 14.329833984375, 10.6640625, 6.6650390625, 0.0], [1.0, 0.0, 0.0, 0.0, 0.0, 0.0, 0.0, 0.0, 0.0, 0.0, 56.163238525390625, 0.0, 0.0, 0.0, 0.0, 0.0, 0.0, 0.0, 0.0, 0.0, 6.666259765625, 6.666259765625, 2.833160400390625, 7.99951171875, 3.3331298828125, 7.66619873046875, 6.666259765625, 3.66644287109375, 3.999755859375, 6.666259765625, 0.0, 49.496978759765625, 42.830718994140625, 39.99755859375, 31.998046875, 28.6649169921875, 20.99871826171875, 14.33245849609375, 10.666015625, 6.666259765625, 0.0]], [[1.0, -0.0, -0.0, -0.0, -0.0, -0.0, -0.0, -0.0, -0.0, -0.0, 84.25, 0.0, 0.0, 0.0, 0.0, 0.0, 0.0, 0.0, 0.0, 0.0, 10.0, 10.0, 4.25, 12.0, 5.0, 11.5, 10.0, 5.5, 6.0, 10.0, 0.0, 74.25, 64.25, 60.0, 48.0, 43.0, 31.5, 21.5, 16.0, 10.0, 0.0], [1.0, 0.0, 0.0, 0.0, 0.0, 0.0, 0.0, 0.0, 0.0, 0.0, 63.1875, 0.0, 0.0, 0.0, 0.0, 0.0, 0.0, 0.0, 0.0, 0.0, 7.5, 7.5, 3.1875, 9.0, 3.75, 8.625, 7.5, 4.125, 4.5, 7.5, 0.0, 55.6875, 48.1875, 45.0, 36.0, 32.25, 23.625, 16.125, 12.0, 7.5, 0.0], [1.0, 0.0, 0.0, 0.0, 0.0, 0.0, 0.0, 0.0, 0.0, 0.0, 57.921875, 0.0, 0.0, 0.0, 0.0, 0.0, 0.0, 0.0, 0.0, 0.0, 6.875, 6.875, 2.921875, 8.25, 3.4375, 7.90625, 6.875, 3.78125, 4.125, 6.875, 0.0, 51.046875, 44.171875, 41.25, 33.0, 29.5625, 21.65625, 14.78125, 11.0, 6.875, 0.0], [1.0, 0.0, 0.0, 0.0, 0.0, 0.0, 0.0, 0.0, 0.0, 0.0, 56.60546875, 0.0, 0.0, 0.0, 0.0, 0.0, 0.0, 0.0, 0.0, 0.0, 6.71875, 6.71875, 2.85546875, 8.0625, 3.359375, 7.7265625, 6.71875, 3.6953125, 4.03125, 6.71875, 0.0, 49.88671875, 43.16796875, 40.3125, 32.25, 28.890625, 21.1640625, 14.4453125, 10.75, 6.71875, 0.0], [1.0, 0.0, 0.0, 0.0, 0.0, 0.0, 0.0, 0.0, 0.0, 0.0, 56.2763671875, 0.0, 0.0, 0.0, 0.0, 0.0, 0.0, 0.0, 0.0, 0.0, 6.6796875, 6.6796875, 2.8388671875, 8.015625, 3.33984375, 7.681640625, 6.6796875, 3.673828125, 4.0078125, 6.6796875, 0.0, 49.5966796875, 42.9169921875, 40.078125, 32.0625, 28.72265625, 21.041015625, 14.361328125, 10.6875, 6.6796875, 0.0], [1.0, 0.0, 0.0, 0.0, 0.0, 0.0, 0.0, 0.0, 0.0, 0.0, 56.194091796875, 0.0, 0.0, 0.0, 0.0, 0.0, 0.0, 0.0, 0.0, 0.0, 6.669921875, 6.669921875, 2.834716796875, 8.00390625, 3.3349609375, 7.67041015625, 6.669921875, 3.66845703125, 4.001953125, 6.669921875, 0.0, 49.524169921875, 42.854248046875, 40.01953125, 32.015625, 28.6806640625, 21.01025390625, 14.34033203125, 10.671875, 6.669921875, 0.0], [1.0, 0.0, 0.0, 0.0, 0.0, 0.0, 0.0, 0.0, 0.0, 0.0, 56.17352294921875, 0.0, 0.0, 0.0, 0.0, 0.0, 0.0, 0.0, 0.0, 0.0, 6.66748046875, 6.66748046875, 2.83367919921875, 8.0009765625, 3.333740234375, 7.6676025390625, 6.66748046875, 3.6671142578125, 4.00048828125, 6.66748046875, 0.0, 49.50604248046875, 42.83856201171875, 40.0048828125, 32.00390625, 28.670166015625, 21.0025634765625, 14.3350830078125, 10.66796875, 6.66748046875, 0.0], [1.0, 0.0, 0.0, 0.0, 0.0, 0.0, 0.0, 0.0, 0.0, 0.0, 56.16838073730469, 0.0, 0.0, 0.0, 0.0, 0.0, 0.0, 0.0, 0.0, 0.0, 6.6668701171875, 6.6668701171875, 2.8334197998046875, 8.000244140625, 3.33343505859375, 7.666900634765625, 6.6668701171875, 3.666778564453125, 4.0001220703125, 6.6668701171875, 0.0, 49.50151062011719, 42.83464050292969, 40.001220703125, 32.0009765625, 28.66754150390625, 21.000640869140625, 14.333770751953125, 10.6669921875, 6.6668701171875, 0.0]]]
numb_iter=15
numb_back=0
cpu_time=0.05327415466308594
max_iter=50

Potential results 
X_pot=[[1.0, 56.16666666666666, 6.666666666666667, 49.49999999999999, 0.0, 0.0, 6.666666666666667, 42.83333333333333, 0.0, 0.0, 2.833333333333333, 39.99999999999999, 0.0, 0.0, 8.0, 32.0, 0.0, 0.0, 3.333333333333333, 28.666666666666668, 0.0, 0.0, 7.666666666666667, 21.0, 0.0, 0.0, 6.666666666666666, 14.333333333333334, -0.0, 0.0, 3.6666666666666665, 10.666666666666668, 0.0, 0.0, 4.0, 6.666666666666667, 0.0, 0.0, 6.666666666666667, 0], [1.0, 56.166666666666664, 6.666666666666666, 49.5, -0.0, 0.0, 6.666666666666666, 42.833333333333336, 0.0, 0.0, 2.8333333333333335, 40.0, 0.0, 0.0, 8.0, 31.999999999999996, 0.0, 0.0, 3.3333333333333335, 28.666666666666664, 0.0, 0.0, 7.666666666666666, 21.0, 0.0, 0.0, 6.666666666666667, 14.333333333333332, 0.0, 0.0, 3.666666666666667, 10.666666666666664, 0.0, 0.0, 4.0, 6.666666666666666, 0.0, 0.0, 6.666666666666666, 0]]
Profits_pot=[380.72222222222234, 383.72222222222223]
cpu_time_pot=0.0032439231872558594
SGM results CE 
ce=[[0. 0. 0. 0. 0. 0. 0. 0.]
 [0. 0. 0. 0. 0. 0. 0. 0.]
 [0. 0. 0. 0. 0. 0. 0. 0.]
 [0. 0. 0. 0. 0. 0. 0. 0.]
 [0. 0. 0. 0. 0. 0. 0. 0.]
 [0. 0. 0. 0. 0. 0. 0. 0.]
 [0. 0. 0. 0. 0. 0. 0. 0.]
 [0. 0. 0. 0. 0. 0. 0. 1.]]
Profits=[380.71008396241814, 383.74649763060734]
S=[[[1.0, -0.0, -0.0, -0.0, -0.0, -0.0, -0.0, -0.0, 0.0, -0.0, 84.25, 0.0, 0.0, 0.0, 0.0, 0.0, 0.0, 0.0, 0.0, 0.0, 10.0, 10.0, 4.25, 12.0, 5.0, 11.5, 10.0, 5.5, 6.0, 10.0, 0.0, 74.25, 64.25, 60.0, 48.0, 43.0, 31.5, 21.5, 16.0, 10.0, 0.0], [1.0, 0.0, 0.0, 0.0, 0.0, 0.0, 0.0, 0.0, 0.0, 0.0, 42.125, 0.0, 0.0, 0.0, 0.0, 0.0, 0.0, 0.0, 0.0, 0.0, 5.0, 5.0, 2.125, 6.0, 2.5, 5.75, 5.0, 2.75, 3.0, 5.0, 0.0, 37.125, 32.125, 30.0, 24.0, 21.5, 15.75, 10.75, 8.0, 5.0, 0.0], [1.0, -0.0, -0.0, -0.0, -0.0, -0.0, -0.0, -0.0, 0.0, -0.0, 52.65625, 0.0, 0.0, 0.0, 0.0, 0.0, 0.0, 0.0, 0.0, 0.0, 6.25, 6.25, 2.65625, 7.5, 3.125, 7.1875, 6.25, 3.4375, 3.75, 6.25, 0.0, 46.40625, 40.15625, 37.5, 30.0, 26.875, 19.6875, 13.4375, 10.0, 6.25, 0.0], [1.0, -0.0, -0.0, -0.0, -0.0, -0.0, -0.0, -0.0, 0.0, -0.0, 55.2890625, 0.0, 0.0, 0.0, 0.0, 0.0, 0.0, 0.0, 0.0, 0.0, 6.5625, 6.5625, 2.7890625, 7.875, 3.28125, 7.546875, 6.5625, 3.609375, 3.9375, 6.5625, 0.0, 48.7265625, 42.1640625, 39.375, 31.5, 28.21875, 20.671875, 14.109375, 10.5, 6.5625, 0.0], [1.0, -0.0, -0.0, -0.0, -0.0, -0.0, -0.0, -0.0, 0.0, -0.0, 55.947265625, 0.0, 0.0, 0.0, 0.0, 0.0, 0.0, 0.0, 0.0, 0.0, 6.640625, 6.640625, 2.822265625, 7.96875, 3.3203125, 7.63671875, 6.640625, 3.65234375, 3.984375, 6.640625, 0.0, 49.306640625, 42.666015625, 39.84375, 31.875, 28.5546875, 20.91796875, 14.27734375, 10.625, 6.640625, 0.0], [1.0, -0.0, -0.0, -0.0, -0.0, -0.0, -0.0, -0.0, 0.0, -0.0, 56.11181640625, 0.0, 0.0, 0.0, 0.0, 0.0, 0.0, 0.0, 0.0, 0.0, 6.66015625, 6.66015625, 2.83056640625, 7.9921875, 3.330078125, 7.6591796875, 6.66015625, 3.6630859375, 3.99609375, 6.66015625, 0.0, 49.45166015625, 42.79150390625, 39.9609375, 31.96875, 28.638671875, 20.9794921875, 14.3193359375, 10.65625, 6.66015625, 0.0], [1.0, -0.0, -0.0, -0.0, -0.0, -0.0, -0.0, -0.0, 0.0, -0.0, 56.1529541015625, 0.0, 0.0, 0.0, 0.0, 0.0, 0.0, 0.0, 0.0, 0.0, 6.6650390625, 6.6650390625, 2.8326416015625, 7.998046875, 3.33251953125, 7.664794921875, 6.6650390625, 3.665771484375, 3.9990234375, 6.6650390625, 0.0, 49.4879150390625, 42.8228759765625, 39.990234375, 31.9921875, 28.65966796875, 20.994873046875, 14.329833984375, 10.6640625, 6.6650390625, 0.0], [1.0, -0.0, -0.0, -0.0, -0.0, -0.0, -0.0, -0.0, 0.0, -0.0, 56.163238525390625, 0.0, 0.0, 0.0, 0.0, 0.0, 0.0, 0.0, 0.0, 0.0, 6.666259765625, 6.666259765625, 2.833160400390625, 7.99951171875, 3.3331298828125, 7.66619873046875, 6.666259765625, 3.66644287109375, 3.999755859375, 6.666259765625, 0.0, 49.496978759765625, 42.830718994140625, 39.99755859375, 31.998046875, 28.6649169921875, 20.99871826171875, 14.33245849609375, 10.666015625, 6.666259765625, 0.0]], [[1.0, -0.0, -0.0, -0.0, -0.0, -0.0, -0.0, -0.0, -0.0, -0.0, 84.25, 0.0, 0.0, 0.0, 0.0, 0.0, 0.0, 0.0, 0.0, 0.0, 10.0, 10.0, 4.25, 12.0, 5.0, 11.5, 10.0, 5.5, 6.0, 10.0, 0.0, 74.25, 64.25, 60.0, 48.0, 43.0, 31.5, 21.5, 16.0, 10.0, 0.0], [1.0, 0.0, 0.0, 0.0, 0.0, 0.0, 0.0, 0.0, 0.0, 0.0, 63.1875, 0.0, 0.0, 0.0, 0.0, 0.0, 0.0, 0.0, 0.0, 0.0, 7.5, 7.5, 3.1875, 9.0, 3.75, 8.625, 7.5, 4.125, 4.5, 7.5, 0.0, 55.6875, 48.1875, 45.0, 36.0, 32.25, 23.625, 16.125, 12.0, 7.5, 0.0], [1.0, -0.0, -0.0, -0.0, -0.0, -0.0, -0.0, -0.0, -0.0, -0.0, 57.921875, 0.0, 0.0, 0.0, 0.0, 0.0, 0.0, 0.0, 0.0, 0.0, 6.875, 6.875, 2.921875, 8.25, 3.4375, 7.90625, 6.875, 3.78125, 4.125, 6.875, 0.0, 51.046875, 44.171875, 41.25, 33.0, 29.5625, 21.65625, 14.78125, 11.0, 6.875, 0.0], [1.0, -0.0, -0.0, -0.0, -0.0, -0.0, -0.0, -0.0, -0.0, -0.0, 56.60546875, 0.0, 0.0, 0.0, 0.0, 0.0, 0.0, 0.0, 0.0, 0.0, 6.71875, 6.71875, 2.85546875, 8.0625, 3.359375, 7.7265625, 6.71875, 3.6953125, 4.03125, 6.71875, 0.0, 49.88671875, 43.16796875, 40.3125, 32.25, 28.890625, 21.1640625, 14.4453125, 10.75, 6.71875, 0.0], [1.0, -0.0, -0.0, -0.0, -0.0, -0.0, -0.0, -0.0, -0.0, -0.0, 56.2763671875, 0.0, 0.0, 0.0, 0.0, 0.0, 0.0, 0.0, 0.0, 0.0, 6.6796875, 6.6796875, 2.8388671875, 8.015625, 3.33984375, 7.681640625, 6.6796875, 3.673828125, 4.0078125, 6.6796875, 0.0, 49.5966796875, 42.9169921875, 40.078125, 32.0625, 28.72265625, 21.041015625, 14.361328125, 10.6875, 6.6796875, 0.0], [1.0, -0.0, -0.0, -0.0, -0.0, -0.0, -0.0, -0.0, -0.0, -0.0, 56.194091796875, 0.0, 0.0, 0.0, 0.0, 0.0, 0.0, 0.0, 0.0, 0.0, 6.669921875, 6.669921875, 2.834716796875, 8.00390625, 3.3349609375, 7.67041015625, 6.669921875, 3.66845703125, 4.001953125, 6.669921875, 0.0, 49.524169921875, 42.854248046875, 40.01953125, 32.015625, 28.6806640625, 21.01025390625, 14.34033203125, 10.671875, 6.669921875, 0.0], [1.0, -0.0, -0.0, -0.0, -0.0, -0.0, -0.0, -0.0, -0.0, -0.0, 56.17352294921875, 0.0, 0.0, 0.0, 0.0, 0.0, 0.0, 0.0, 0.0, 0.0, 6.66748046875, 6.66748046875, 2.83367919921875, 8.0009765625, 3.333740234375, 7.6676025390625, 6.66748046875, 3.6671142578125, 4.00048828125, 6.66748046875, 0.0, 49.50604248046875, 42.83856201171875, 40.0048828125, 32.00390625, 28.670166015625, 21.0025634765625, 14.3350830078125, 10.66796875, 6.66748046875, 0.0], [1.0, -0.0, -0.0, -0.0, -0.0, -0.0, -0.0, -0.0, -0.0, -0.0, 56.16838073730469, 0.0, 0.0, 0.0, 0.0, 0.0, 0.0, 0.0, 0.0, 0.0, 6.6668701171875, 6.6668701171875, 2.8334197998046875, 8.000244140625, 3.33343505859375, 7.666900634765625, 6.6668701171875, 3.666778564453125, 4.0001220703125, 6.6668701171875, 0.0, 49.50151062011719, 42.83464050292969, 40.001220703125, 32.0009765625, 28.66754150390625, 21.000640869140625, 14.333770751953125, 10.6669921875, 6.6668701171875, 0.0]]]
numb_iter=15
cpu_time=0.32307910919189453
NE?=True
max_iter=1000

