m-SGM results 
ne=[0, 0, 0, 0, 0, 0, 0, 1.0, 0, 0, 0, 0, 0, 0, 0, 1.0]
Profits=[307.48973020818084, 302.6867373739369]
S=[[[1.0, 0.0, 0.0, 0.0, 1.0, -0.0, 0.0, 0.0, 0.0, 0.0, 26.75, 0.0, 0.0, 0.0, 49.25, 0.0, 0.0, 0.0, 0.0, 0.0, 7.0, 4.5, 10.5, 4.75, 12.0, 4.0, 12.0, 7.5, 4.25, 9.5, 0.0, 19.75, 15.25, 4.75, 0.0, 37.25, 33.25, 21.25, 13.75, 9.5, 0.0], [1.0, 0.0, 0.0, 0.0, 1.0, 0.0, 0.0, 0.0, 0.0, 0.0, 13.75, 0.0, 0.0, 0.0, 24.625, 0.0, 0.0, 0.0, 0.0, 0.0, 4.0, 2.5, 5.0, 2.25, 6.0, 2.0, 6.0, 3.75, 2.125, 4.75, 0.0, 9.75, 7.25, 2.25, 0.0, 18.625, 16.625, 10.625, 6.875, 4.75, 0.0], [1.0, 0.0, 0.0, 0.0, 1.0, 0.0, 0.0, 0.0, 0.0, 0.0, 17.1875, 0.0, 0.0, 0.0, 30.78125, 0.0, 0.0, 0.0, 0.0, 0.0, 5.0, 3.125, 6.25, 2.8125, 7.5, 2.5, 7.5, 4.6875, 2.65625, 5.9375, 0.0, 12.1875, 9.0625, 2.8125, 0.0, 23.28125, 20.78125, 13.28125, 8.59375, 5.9375, 0.0], [1.0, 0.0, 0.0, 0.0, 1.0, 0.0, 0.0, 0.0, 0.0, 0.0, 18.046875, 0.0, 0.0, 0.0, 32.3203125, 0.0, 0.0, 0.0, 0.0, 0.0, 5.25, 3.28125, 6.5625, 2.953125, 7.875, 2.625, 7.875, 4.921875, 2.7890625, 6.234375, 0.0, 12.796875, 9.515625, 2.953125, 0.0, 24.4453125, 21.8203125, 13.9453125, 9.0234375, 6.234375, 0.0], [1.0, 0.0, 0.0, 0.0, 1.0, 0.0, 0.0, 0.0, 0.0, 0.0, 18.26171875, 0.0, 0.0, 0.0, 32.705078125, 0.0, 0.0, 0.0, 0.0, 0.0, 5.3125, 3.3203125, 6.640625, 2.98828125, 7.96875, 2.65625, 7.96875, 4.98046875, 2.822265625, 6.30859375, 0.0, 12.94921875, 9.62890625, 2.98828125, 0.0, 24.736328125, 22.080078125, 14.111328125, 9.130859375, 6.30859375, 0.0], [1.0, 0.0, 0.0, 0.0, 1.0, 0.0, 0.0, 0.0, 0.0, 0.0, 18.3154296875, 0.0, 0.0, 0.0, 32.80126953125, 0.0, 0.0, 0.0, 0.0, 0.0, 5.328125, 3.330078125, 6.66015625, 2.9970703125, 7.9921875, 2.6640625, 7.9921875, 4.9951171875, 2.83056640625, 6.3271484375, 0.0, 12.9873046875, 9.6572265625, 2.9970703125, 0.0, 24.80908203125, 22.14501953125, 14.15283203125, 9.15771484375, 6.3271484375, 0.0], [1.0, 0.0, 0.0, 0.0, 1.0, 0.0, 0.0, 0.0, 0.0, 0.0, 18.328857421875, 0.0, 0.0, 0.0, 32.8253173828125, 0.0, 0.0, 0.0, 0.0, 0.0, 5.33203125, 3.33251953125, 6.6650390625, 2.999267578125, 7.998046875, 2.666015625, 7.998046875, 4.998779296875, 2.8326416015625, 6.331787109375, 0.0, 12.996826171875, 9.664306640625, 2.999267578125, 0.0, 24.8272705078125, 22.1612548828125, 14.1632080078125, 9.1644287109375, 6.331787109375, 0.0], [1.0, 0.0, 0.0, 0.0, 1.0, 0.0, 0.0, 0.0, 0.0, 0.0, 18.33221435546875, 0.0, 0.0, 0.0, 32.831329345703125, 0.0, 0.0, 0.0, 0.0, 0.0, 5.3330078125, 3.3331298828125, 6.666259765625, 2.99981689453125, 7.99951171875, 2.66650390625, 7.99951171875, 4.99969482421875, 2.833160400390625, 6.33294677734375, 0.0, 12.99920654296875, 9.66607666015625, 2.99981689453125, 0.0, 24.831817626953125, 22.165313720703125, 14.165802001953125, 9.166107177734375, 6.33294677734375, 0.0]], [[1.0, -0.0, 1.0, -0.0, -0.0, -0.0, -0.0, -0.0, -0.0, 0.0, 10.0, 0.0, 65.25, 0.0, 0.0, 0.0, 0.0, 0.0, 0.0, 0.0, 6.0, 4.0, 11.0, 5.0, 12.0, 4.0, 12.0, 7.5, 4.25, 9.5, 0.0, 4.0, 0.0, 54.25, 49.25, 37.25, 33.25, 21.25, 13.75, 9.5, 0.0], [1.0, 0.0, 1.0, 0.0, 0.0, 0.0, 0.0, 0.0, 0.0, 0.0, 6.75, 0.0, 49.3125, 0.0, 0.0, 0.0, 0.0, 0.0, 0.0, 0.0, 4.0, 2.75, 8.5, 3.875, 9.0, 3.0, 9.0, 5.625, 3.1875, 7.125, 0.0, 2.75, 0.0, 40.8125, 36.9375, 27.9375, 24.9375, 15.9375, 10.3125, 7.125, 0.0], [1.0, 0.0, 1.0, 0.0, 0.0, 0.0, 0.0, 0.0, 0.0, 0.0, 5.9375, 0.0, 45.328125, 0.0, 0.0, 0.0, 0.0, 0.0, 0.0, 0.0, 3.5, 2.4375, 7.875, 3.59375, 8.25, 2.75, 8.25, 5.15625, 2.921875, 6.53125, 0.0, 2.4375, 0.0, 37.453125, 33.859375, 25.609375, 22.859375, 14.609375, 9.453125, 6.53125, 0.0], [1.0, 0.0, 1.0, 0.0, 0.0, 0.0, 0.0, 0.0, 0.0, 0.0, 5.734375, 0.0, 44.33203125, 0.0, 0.0, 0.0, 0.0, 0.0, 0.0, 0.0, 3.375, 2.359375, 7.71875, 3.5234375, 8.0625, 2.6875, 8.0625, 5.0390625, 2.85546875, 6.3828125, 0.0, 2.359375, 0.0, 36.61328125, 33.08984375, 25.02734375, 22.33984375, 14.27734375, 9.23828125, 6.3828125, 0.0], [1.0, 0.0, 1.0, 0.0, 0.0, 0.0, 0.0, 0.0, 0.0, 0.0, 5.68359375, 0.0, 44.0830078125, 0.0, 0.0, 0.0, 0.0, 0.0, 0.0, 0.0, 3.34375, 2.33984375, 7.6796875, 3.505859375, 8.015625, 2.671875, 8.015625, 5.009765625, 2.8388671875, 6.345703125, 0.0, 2.33984375, 0.0, 36.4033203125, 32.8974609375, 24.8818359375, 22.2099609375, 14.1943359375, 9.1845703125, 6.345703125, 0.0], [1.0, 0.0, 1.0, 0.0, 0.0, 0.0, 0.0, 0.0, 0.0, 0.0, 5.6708984375, 0.0, 44.020751953125, 0.0, 0.0, 0.0, 0.0, 0.0, 0.0, 0.0, 3.3359375, 2.3349609375, 7.669921875, 3.50146484375, 8.00390625, 2.66796875, 8.00390625, 5.00244140625, 2.834716796875, 6.33642578125, 0.0, 2.3349609375, 0.0, 36.350830078125, 32.849365234375, 24.845458984375, 22.177490234375, 14.173583984375, 9.171142578125, 6.33642578125, 0.0], [1.0, 0.0, 1.0, 0.0, 0.0, 0.0, 0.0, 0.0, 0.0, 0.0, 5.667724609375, 0.0, 44.00518798828125, 0.0, 0.0, 0.0, 0.0, 0.0, 0.0, 0.0, 3.333984375, 2.333740234375, 7.66748046875, 3.5003662109375, 8.0009765625, 2.6669921875, 8.0009765625, 5.0006103515625, 2.83367919921875, 6.3341064453125, 0.0, 2.333740234375, 0.0, 36.33770751953125, 32.83734130859375, 24.83636474609375, 22.16937255859375, 14.16839599609375, 9.16778564453125, 6.3341064453125, 0.0], [1.0, 0.0, 1.0, 0.0, 0.0, 0.0, 0.0, 0.0, 0.0, 0.0, 5.66693115234375, 0.0, 44.00129699707031, 0.0, 0.0, 0.0, 0.0, 0.0, 0.0, 0.0, 3.33349609375, 2.33343505859375, 7.6668701171875, 3.500091552734375, 8.000244140625, 2.666748046875, 8.000244140625, 5.000152587890625, 2.8334197998046875, 6.333526611328125, 0.0, 2.33343505859375, 0.0, 36.33442687988281, 32.83433532714844, 24.834091186523438, 22.167343139648438, 14.167098999023438, 9.166946411132812, 6.333526611328125, 0.0]]]
numb_iter=15
numb_back=0
cpu_time=0.07659387588500977
max_iter=50

SGM results 
ne=[0, 0, 0, 0, 0, 0, 0, 1.0, 0, 0, 0, 0, 0, 0, 0, 1.0]
Profits=[307.48973020818084, 302.6867373739369]
S=[[[1.0, 0.0, 0.0, 0.0, 1.0, -0.0, 0.0, 0.0, 0.0, 0.0, 26.75, 0.0, 0.0, 0.0, 49.25, 0.0, 0.0, 0.0, 0.0, 0.0, 7.0, 4.5, 10.5, 4.75, 12.0, 4.0, 12.0, 7.5, 4.25, 9.5, 0.0, 19.75, 15.25, 4.75, 0.0, 37.25, 33.25, 21.25, 13.75, 9.5, 0.0], [1.0, 0.0, 0.0, 0.0, 1.0, 0.0, 0.0, 0.0, 0.0, 0.0, 13.75, 0.0, 0.0, 0.0, 24.625, 0.0, 0.0, 0.0, 0.0, 0.0, 4.0, 2.5, 5.0, 2.25, 6.0, 2.0, 6.0, 3.75, 2.125, 4.75, 0.0, 9.75, 7.25, 2.25, 0.0, 18.625, 16.625, 10.625, 6.875, 4.75, 0.0], [1.0, 0.0, 0.0, 0.0, 1.0, 0.0, 0.0, 0.0, 0.0, 0.0, 17.1875, 0.0, 0.0, 0.0, 30.78125, 0.0, 0.0, 0.0, 0.0, 0.0, 5.0, 3.125, 6.25, 2.8125, 7.5, 2.5, 7.5, 4.6875, 2.65625, 5.9375, 0.0, 12.1875, 9.0625, 2.8125, 0.0, 23.28125, 20.78125, 13.28125, 8.59375, 5.9375, 0.0], [1.0, 0.0, 0.0, 0.0, 1.0, 0.0, 0.0, 0.0, 0.0, 0.0, 18.046875, 0.0, 0.0, 0.0, 32.3203125, 0.0, 0.0, 0.0, 0.0, 0.0, 5.25, 3.28125, 6.5625, 2.953125, 7.875, 2.625, 7.875, 4.921875, 2.7890625, 6.234375, 0.0, 12.796875, 9.515625, 2.953125, 0.0, 24.4453125, 21.8203125, 13.9453125, 9.0234375, 6.234375, 0.0], [1.0, 0.0, 0.0, 0.0, 1.0, 0.0, 0.0, 0.0, 0.0, 0.0, 18.26171875, 0.0, 0.0, 0.0, 32.705078125, 0.0, 0.0, 0.0, 0.0, 0.0, 5.3125, 3.3203125, 6.640625, 2.98828125, 7.96875, 2.65625, 7.96875, 4.98046875, 2.822265625, 6.30859375, 0.0, 12.94921875, 9.62890625, 2.98828125, 0.0, 24.736328125, 22.080078125, 14.111328125, 9.130859375, 6.30859375, 0.0], [1.0, 0.0, 0.0, 0.0, 1.0, 0.0, 0.0, 0.0, 0.0, 0.0, 18.3154296875, 0.0, 0.0, 0.0, 32.80126953125, 0.0, 0.0, 0.0, 0.0, 0.0, 5.328125, 3.330078125, 6.66015625, 2.9970703125, 7.9921875, 2.6640625, 7.9921875, 4.9951171875, 2.83056640625, 6.3271484375, 0.0, 12.9873046875, 9.6572265625, 2.9970703125, 0.0, 24.80908203125, 22.14501953125, 14.15283203125, 9.15771484375, 6.3271484375, 0.0], [1.0, 0.0, 0.0, 0.0, 1.0, 0.0, 0.0, 0.0, 0.0, 0.0, 18.328857421875, 0.0, 0.0, 0.0, 32.8253173828125, 0.0, 0.0, 0.0, 0.0, 0.0, 5.33203125, 3.33251953125, 6.6650390625, 2.999267578125, 7.998046875, 2.666015625, 7.998046875, 4.998779296875, 2.8326416015625, 6.331787109375, 0.0, 12.996826171875, 9.664306640625, 2.999267578125, 0.0, 24.8272705078125, 22.1612548828125, 14.1632080078125, 9.1644287109375, 6.331787109375, 0.0], [1.0, 0.0, 0.0, 0.0, 1.0, 0.0, 0.0, 0.0, 0.0, 0.0, 18.33221435546875, 0.0, 0.0, 0.0, 32.831329345703125, 0.0, 0.0, 0.0, 0.0, 0.0, 5.3330078125, 3.3331298828125, 6.666259765625, 2.99981689453125, 7.99951171875, 2.66650390625, 7.99951171875, 4.99969482421875, 2.833160400390625, 6.33294677734375, 0.0, 12.99920654296875, 9.66607666015625, 2.99981689453125, 0.0, 24.831817626953125, 22.165313720703125, 14.165802001953125, 9.166107177734375, 6.33294677734375, 0.0]], [[1.0, -0.0, 1.0, -0.0, -0.0, -0.0, -0.0, -0.0, -0.0, 0.0, 10.0, 0.0, 65.25, 0.0, 0.0, 0.0, 0.0, 0.0, 0.0, 0.0, 6.0, 4.0, 11.0, 5.0, 12.0, 4.0, 12.0, 7.5, 4.25, 9.5, 0.0, 4.0, 0.0, 54.25, 49.25, 37.25, 33.25, 21.25, 13.75, 9.5, 0.0], [1.0, 0.0, 1.0, 0.0, 0.0, 0.0, 0.0, 0.0, 0.0, 0.0, 6.75, 0.0, 49.3125, 0.0, 0.0, 0.0, 0.0, 0.0, 0.0, 0.0, 4.0, 2.75, 8.5, 3.875, 9.0, 3.0, 9.0, 5.625, 3.1875, 7.125, 0.0, 2.75, 0.0, 40.8125, 36.9375, 27.9375, 24.9375, 15.9375, 10.3125, 7.125, 0.0], [1.0, 0.0, 1.0, 0.0, 0.0, 0.0, 0.0, 0.0, 0.0, 0.0, 5.9375, 0.0, 45.328125, 0.0, 0.0, 0.0, 0.0, 0.0, 0.0, 0.0, 3.5, 2.4375, 7.875, 3.59375, 8.25, 2.75, 8.25, 5.15625, 2.921875, 6.53125, 0.0, 2.4375, 0.0, 37.453125, 33.859375, 25.609375, 22.859375, 14.609375, 9.453125, 6.53125, 0.0], [1.0, 0.0, 1.0, 0.0, 0.0, 0.0, 0.0, 0.0, 0.0, 0.0, 5.734375, 0.0, 44.33203125, 0.0, 0.0, 0.0, 0.0, 0.0, 0.0, 0.0, 3.375, 2.359375, 7.71875, 3.5234375, 8.0625, 2.6875, 8.0625, 5.0390625, 2.85546875, 6.3828125, 0.0, 2.359375, 0.0, 36.61328125, 33.08984375, 25.02734375, 22.33984375, 14.27734375, 9.23828125, 6.3828125, 0.0], [1.0, 0.0, 1.0, 0.0, 0.0, 0.0, 0.0, 0.0, 0.0, 0.0, 5.68359375, 0.0, 44.0830078125, 0.0, 0.0, 0.0, 0.0, 0.0, 0.0, 0.0, 3.34375, 2.33984375, 7.6796875, 3.505859375, 8.015625, 2.671875, 8.015625, 5.009765625, 2.8388671875, 6.345703125, 0.0, 2.33984375, 0.0, 36.4033203125, 32.8974609375, 24.8818359375, 22.2099609375, 14.1943359375, 9.1845703125, 6.345703125, 0.0], [1.0, 0.0, 1.0, 0.0, 0.0, 0.0, 0.0, 0.0, 0.0, 0.0, 5.6708984375, 0.0, 44.020751953125, 0.0, 0.0, 0.0, 0.0, 0.0, 0.0, 0.0, 3.3359375, 2.3349609375, 7.669921875, 3.50146484375, 8.00390625, 2.66796875, 8.00390625, 5.00244140625, 2.834716796875, 6.33642578125, 0.0, 2.3349609375, 0.0, 36.350830078125, 32.849365234375, 24.845458984375, 22.177490234375, 14.173583984375, 9.171142578125, 6.33642578125, 0.0], [1.0, 0.0, 1.0, 0.0, 0.0, 0.0, 0.0, 0.0, 0.0, 0.0, 5.667724609375, 0.0, 44.00518798828125, 0.0, 0.0, 0.0, 0.0, 0.0, 0.0, 0.0, 3.333984375, 2.333740234375, 7.66748046875, 3.5003662109375, 8.0009765625, 2.6669921875, 8.0009765625, 5.0006103515625, 2.83367919921875, 6.3341064453125, 0.0, 2.333740234375, 0.0, 36.33770751953125, 32.83734130859375, 24.83636474609375, 22.16937255859375, 14.16839599609375, 9.16778564453125, 6.3341064453125, 0.0], [1.0, 0.0, 1.0, 0.0, 0.0, 0.0, 0.0, 0.0, 0.0, 0.0, 5.66693115234375, 0.0, 44.00129699707031, 0.0, 0.0, 0.0, 0.0, 0.0, 0.0, 0.0, 3.33349609375, 2.33343505859375, 7.6668701171875, 3.500091552734375, 8.000244140625, 2.666748046875, 8.000244140625, 5.000152587890625, 2.8334197998046875, 6.333526611328125, 0.0, 2.33343505859375, 0.0, 36.33442687988281, 32.83433532714844, 24.834091186523438, 22.167343139648438, 14.167098999023438, 9.166946411132812, 6.333526611328125, 0.0]]]
numb_iter=15
numb_back=0
cpu_time=0.06659340858459473
max_iter=50

Potential results 
X_pot=[[1.0, 18.333333333333332, 5.333333333333333, 13.0, -0.0, 0.0, 3.333333333333333, 9.666666666666666, 0.0, 0.0, 6.666666666666666, 3.0, -0.0, 0.0, 3.0, 0.0, 1.0, 32.833333333333336, 8.0, 24.833333333333336, 0.0, 0.0, 2.666666666666667, 22.166666666666668, -0.0, 0.0, 8.0, 14.166666666666668, -0.0, 0.0, 5.0, 9.166666666666668, 0.0, 0.0, 2.833333333333333, 6.333333333333334, -0.0, 0.0, 6.333333333333334, 0], [1.0, 5.666666666666667, 3.3333333333333335, 2.3333333333333335, -0.0, 0.0, 2.3333333333333335, 0.0, 1.0, 43.99999999999999, 7.666666666666667, 36.33333333333333, -0.0, 0.0, 3.5, 32.83333333333333, -0.0, 0.0, 8.0, 24.833333333333332, -0.0, 0.0, 2.6666666666666665, 22.166666666666664, -0.0, 0.0, 8.0, 14.166666666666666, -0.0, 0.0, 5.0, 9.166666666666666, -0.0, 0.0, 2.8333333333333335, 6.333333333333333, 0.0, 0.0, 6.333333333333333, 0]]
Profits_pot=[307.5, 302.6666666666667]
cpu_time_pot=0.004633903503417969
SGM results CE 
ce=[[0. 0. 0. 0. 0.]
 [0. 0. 0. 0. 0.]
 [0. 0. 0. 0. 0.]
 [0. 0. 0. 0. 0.]
 [0. 0. 0. 0. 0.]
 [0. 0. 0. 0. 1.]]
Profits=[307.2518613665202, 302.85279018763265]
S=[[[1.0, 0.0, 0.0, 0.0, 1.0, -0.0, 0.0, 0.0, 0.0, 0.0, 26.75, 0.0, 0.0, 0.0, 49.25, 0.0, 0.0, 0.0, 0.0, 0.0, 7.0, 4.5, 10.5, 4.75, 12.0, 4.0, 12.0, 7.5, 4.25, 9.5, 0.0, 19.75, 15.25, 4.75, 0.0, 37.25, 33.25, 21.25, 13.75, 9.5, 0.0], [1.0, 0.0, 0.0, 0.0, 1.0, 0.0, 0.0, 0.0, 0.0, 0.0, 13.75, 0.0, 0.0, 0.0, 24.625, 0.0, 0.0, 0.0, 0.0, 0.0, 4.0, 2.5, 5.0, 2.25, 6.0, 2.0, 6.0, 3.75, 2.125, 4.75, 0.0, 9.75, 7.25, 2.25, 0.0, 18.625, 16.625, 10.625, 6.875, 4.75, 0.0], [1.0, 0.0, 0.0, 0.0, 1.0, 0.0, 0.0, 0.0, 0.0, 0.0, 17.1875, 0.0, 0.0, 0.0, 30.78125, 0.0, 0.0, 0.0, 0.0, 0.0, 5.0, 3.125, 6.25, 2.8125, 7.5, 2.5, 7.5, 4.6875, 2.65625, 5.9375, 0.0, 12.1875, 9.0625, 2.8125, 0.0, 23.28125, 20.78125, 13.28125, 8.59375, 5.9375, 0.0], [1.0, 0.0, 0.0, 0.0, 1.0, 0.0, 0.0, 0.0, 0.0, 0.0, 18.073798076923076, 0.0, 0.0, 0.0, 32.3203125, 0.0, 0.0, 0.0, 0.0, 0.0, 5.267948717948718, 3.290224358974359, 6.5625, 2.953125, 7.875, 2.625, 7.875, 4.921875, 2.7890625, 6.234375, 0.0, 12.80584935897436, 9.515625, 2.953125, 0.0, 24.4453125, 21.8203125, 13.9453125, 9.0234375, 6.234375, 0.0], [1.0, 0.0, 0.0, 0.0, 1.0, 0.0, 0.0, 0.0, 0.0, 0.0, 18.295372596153847, 0.0, 0.0, 0.0, 32.705078125, 0.0, 0.0, 0.0, 0.0, 0.0, 5.334935897435898, 3.331530448717949, 6.640625, 2.98828125, 7.96875, 2.65625, 7.96875, 4.98046875, 2.822265625, 6.30859375, 0.0, 12.960436698717949, 9.62890625, 2.98828125, 0.0, 24.736328125, 22.080078125, 14.111328125, 9.130859375, 6.30859375, 0.0], [1.0, 0.0, 0.0, 0.0, 1.0, 0.0, 0.0, 0.0, 0.0, 0.0, 18.350766225961536, 0.0, 0.0, 0.0, 32.80126953125, 0.0, 0.0, 0.0, 0.0, 0.0, 5.351682692307692, 3.341856971153846, 6.66015625, 2.9970703125, 7.9921875, 2.6640625, 7.9921875, 4.9951171875, 2.83056640625, 6.3271484375, 0.0, 12.999083533653845, 9.6572265625, 2.9970703125, 0.0, 24.80908203125, 22.14501953125, 14.15283203125, 9.15771484375, 6.3271484375, 0.0]], [[1.0, -0.0, 1.0, -0.0, -0.0, -0.0, -0.0, -0.0, -0.0, 0.0, 10.0, 0.0, 65.25, 0.0, 0.0, 0.0, 0.0, 0.0, 0.0, 0.0, 6.0, 4.0, 11.0, 5.0, 12.0, 4.0, 12.0, 7.5, 4.25, 9.5, 0.0, 4.0, 0.0, 54.25, 49.25, 37.25, 33.25, 21.25, 13.75, 9.5, 0.0], [1.0, 0.0, 1.0, 0.0, 0.0, 0.0, 0.0, 0.0, 0.0, 0.0, 6.75, 0.0, 49.3125, 0.0, 0.0, 0.0, 0.0, 0.0, 0.0, 0.0, 4.0, 2.75, 8.5, 3.875, 9.0, 3.0, 9.0, 5.625, 3.1875, 7.125, 0.0, 2.75, 0.0, 40.8125, 36.9375, 27.9375, 24.9375, 15.9375, 10.3125, 7.125, 0.0], [1.0, -0.0, 1.0, -0.0, -0.0, -0.0, -0.0, -0.0, -0.0, 0.0, 5.883653846153846, 0.0, 45.328125, 0.0, 0.0, 0.0, 0.0, 0.0, 0.0, 0.0, 3.4641025641025642, 2.419551282051282, 7.875, 3.59375, 8.25, 2.75, 8.25, 5.15625, 2.921875, 6.53125, 0.0, 2.419551282051282, 0.0, 37.453125, 33.859375, 25.609375, 22.859375, 14.609375, 9.453125, 6.53125, 0.0], [1.0, -0.0, 1.0, -0.0, -0.0, -0.0, -0.0, -0.0, -0.0, 0.0, 5.6670673076923075, 0.0, 44.33203125, 0.0, 0.0, 0.0, 0.0, 0.0, 0.0, 0.0, 3.3301282051282053, 2.336939102564102, 7.71875, 3.5234375, 8.0625, 2.6875, 8.0625, 5.0390625, 2.85546875, 6.3828125, 0.0, 2.336939102564102, 0.0, 36.61328125, 33.08984375, 25.02734375, 22.33984375, 14.27734375, 9.23828125, 6.3828125, 0.0], [1.0, -0.0, 1.0, -0.0, -0.0, -0.0, -0.0, -0.0, -0.0, 0.0, 5.612920673076923, 0.0, 44.0830078125, 0.0, 0.0, 0.0, 0.0, 0.0, 0.0, 0.0, 3.2966346153846153, 2.3162860576923077, 7.6796875, 3.505859375, 8.015625, 2.671875, 8.015625, 5.009765625, 2.8388671875, 6.345703125, 0.0, 2.3162860576923077, 0.0, 36.4033203125, 32.8974609375, 24.8818359375, 22.2099609375, 14.1943359375, 9.1845703125, 6.345703125, 0.0]]]
numb_iter=10
cpu_time=0.17002177238464355
NE?=True
max_iter=1000

